season,match_week,team_id,team_name,position,played,won,drawn,lost,goals_for,goals_against,goal_difference,points,home_played,home_won,home_drawn,home_lost,home_goals_for,home_goals_against,home_goal_difference,home_points,away_played,away_won,away_drawn,away_lost,away_goals_for,away_goals_against,away_goal_difference,away_points,annotation_types,annotation_destinations,stadium_name,stadium_city
2024/25,1,10,Liverpool,1,38,25,9,4,86,41,45,84,19,14,4,1,42,16,26,46,19,11,5,3,44,25,19,38,Q,EU_CL,Anfield,Liverpool
2024/25,1,1,Arsenal,2,38,20,14,4,69,34,35,74,19,11,6,2,35,17,18,39,19,9,8,2,34,17,17,35,Q,EU_CL,Emirates Stadium,London
2024/25,1,11,Manchester City,3,38,21,8,9,72,44,28,71,19,13,3,3,43,23,20,42,19,8,5,6,29,21,8,29,Q,EU_CL,Etihad Stadium,Manchester
2024/25,1,4,Chelsea,4,38,20,9,9,64,43,21,69,19,12,5,2,35,18,17,41,19,8,4,7,29,25,4,28,Q,EU_CL,Stamford Bridge,London
2024/25,1,23,Newcastle United,5,38,20,6,12,68,47,21,66,19,12,2,5,40,20,20,38,19,8,4,7,28,27,1,28,Q,EU_CL,St. James' Park,Newcastle
2024/25,1,2,Aston Villa,6,38,19,9,10,58,51,7,66,19,11,7,1,34,20,14,40,19,8,2,9,24,31,-7,26,Q,EU_UC,Villa Park,Birmingham
2024/25,1,15,Nottingham Forest,7,38,19,8,11,58,46,12,65,19,9,5,5,26,16,10,32,19,10,3,6,32,30,2,33,,,The City Ground,Nottingham
2024/25,1,131,Brighton & Hove Albion,8,38,16,13,9,66,59,7,61,19,8,8,3,30,26,4,32,19,8,5,6,36,33,3,29,,,American Express Stadium,Falmer
2024/25,1,127,Bournemouth,9,38,15,11,12,58,46,12,56,19,8,4,7,23,16,7,28,19,7,7,5,35,30,5,28,,,Vitality Stadium,Bournemouth
2024/25,1,130,Brentford,10,38,16,8,14,66,57,9,56,19,9,4,6,40,35,5,31,19,7,4,8,26,22,4,25,,,Gtech Community Stadium,Brentford
2024/25,1,34,Fulham,11,38,15,9,14,54,54,0,54,19,7,5,7,27,30,-3,26,19,8,4,7,27,24,3,28,,,Craven Cottage,London
2024/25,1,6,Crystal Palace,12,38,13,14,11,51,51,0,53,19,6,7,6,24,26,-2,25,19,7,7,5,27,25,2,28,,,Selhurst Park,London
2024/25,1,7,Everton,13,38,11,15,12,42,44,-2,48,19,5,9,5,26,23,3,24,19,6,6,7,16,21,-5,24,,,Goodison Park,Liverpool
2024/25,1,25,West Ham United,14,38,11,10,17,46,62,-16,43,19,5,5,9,23,34,-11,20,19,6,5,8,23,28,-5,23,,,London Stadium,London
2024/25,1,12,Manchester United,15,38,11,9,18,44,54,-10,42,19,7,3,9,23,28,-5,24,19,4,6,9,21,26,-5,18,,,Old Trafford,Manchester
2024/25,1,38,Wolverhampton Wanderers,16,38,12,6,20,54,69,-15,42,19,6,3,10,27,32,-5,21,19,6,3,10,27,37,-10,21,,,Molineux Stadium,Wolverhampton
2024/25,1,21,Tottenham Hotspur,17,38,11,5,22,64,65,-1,38,19,6,3,10,35,35,0,21,19,5,2,12,29,30,-1,17,,,Tottenham Hotspur Stadium,London
2024/25,1,26,Leicester City,18,38,6,7,25,33,80,-47,25,19,4,3,12,15,34,-19,15,19,2,4,13,18,46,-28,10,,,King Power Stadium,Leicester
2024/25,1,8,Ipswich Town,19,38,4,10,24,36,82,-46,22,19,1,4,14,14,44,-30,7,19,3,6,10,22,38,-16,15,,,Portman Road,Ipswich
2024/25,1,20,Southampton,20,38,2,6,30,26,86,-60,12,19,1,3,15,13,47,-34,6,19,1,3,15,13,39,-26,6,,,St. Mary's Stadium,Southampton
2024/25,2,10,Liverpool,1,38,25,9,4,86,41,45,84,19,14,4,1,42,16,26,46,19,11,5,3,44,25,19,38,Q,EU_CL,Anfield,Liverpool
2024/25,2,1,Arsenal,2,38,20,14,4,69,34,35,74,19,11,6,2,35,17,18,39,19,9,8,2,34,17,17,35,Q,EU_CL,Emirates Stadium,London
2024/25,2,11,Manchester City,3,38,21,8,9,72,44,28,71,19,13,3,3,43,23,20,42,19,8,5,6,29,21,8,29,Q,EU_CL,Etihad Stadium,Manchester
2024/25,2,4,Chelsea,4,38,20,9,9,64,43,21,69,19,12,5,2,35,18,17,41,19,8,4,7,29,25,4,28,Q,EU_CL,Stamford Bridge,London
2024/25,2,23,Newcastle United,5,38,20,6,12,68,47,21,66,19,12,2,5,40,20,20,38,19,8,4,7,28,27,1,28,Q,EU_CL,St. James' Park,Newcastle
2024/25,2,2,Aston Villa,6,38,19,9,10,58,51,7,66,19,11,7,1,34,20,14,40,19,8,2,9,24,31,-7,26,Q,EU_UC,Villa Park,Birmingham
2024/25,2,15,Nottingham Forest,7,38,19,8,11,58,46,12,65,19,9,5,5,26,16,10,32,19,10,3,6,32,30,2,33,,,The City Ground,Nottingham
2024/25,2,131,Brighton & Hove Albion,8,38,16,13,9,66,59,7,61,19,8,8,3,30,26,4,32,19,8,5,6,36,33,3,29,,,American Express Stadium,Falmer
2024/25,2,127,Bournemouth,9,38,15,11,12,58,46,12,56,19,8,4,7,23,16,7,28,19,7,7,5,35,30,5,28,,,Vitality Stadium,Bournemouth
2024/25,2,130,Brentford,10,38,16,8,14,66,57,9,56,19,9,4,6,40,35,5,31,19,7,4,8,26,22,4,25,,,Gtech Community Stadium,Brentford
2024/25,2,34,Fulham,11,38,15,9,14,54,54,0,54,19,7,5,7,27,30,-3,26,19,8,4,7,27,24,3,28,,,Craven Cottage,London
2024/25,2,6,Crystal Palace,12,38,13,14,11,51,51,0,53,19,6,7,6,24,26,-2,25,19,7,7,5,27,25,2,28,,,Selhurst Park,London
2024/25,2,7,Everton,13,38,11,15,12,42,44,-2,48,19,5,9,5,26,23,3,24,19,6,6,7,16,21,-5,24,,,Goodison Park,Liverpool
2024/25,2,25,West Ham United,14,38,11,10,17,46,62,-16,43,19,5,5,9,23,34,-11,20,19,6,5,8,23,28,-5,23,,,London Stadium,London
2024/25,2,12,Manchester United,15,38,11,9,18,44,54,-10,42,19,7,3,9,23,28,-5,24,19,4,6,9,21,26,-5,18,,,Old Trafford,Manchester
2024/25,2,38,Wolverhampton Wanderers,16,38,12,6,20,54,69,-15,42,19,6,3,10,27,32,-5,21,19,6,3,10,27,37,-10,21,,,Molineux Stadium,Wolverhampton
2024/25,2,21,Tottenham Hotspur,17,38,11,5,22,64,65,-1,38,19,6,3,10,35,35,0,21,19,5,2,12,29,30,-1,17,,,Tottenham Hotspur Stadium,London
2024/25,2,26,Leicester City,18,38,6,7,25,33,80,-47,25,19,4,3,12,15,34,-19,15,19,2,4,13,18,46,-28,10,,,King Power Stadium,Leicester
2024/25,2,8,Ipswich Town,19,38,4,10,24,36,82,-46,22,19,1,4,14,14,44,-30,7,19,3,6,10,22,38,-16,15,,,Portman Road,Ipswich
2024/25,2,20,Southampton,20,38,2,6,30,26,86,-60,12,19,1,3,15,13,47,-34,6,19,1,3,15,13,39,-26,6,,,St. Mary's Stadium,Southampton
2024/25,3,10,Liverpool,1,38,25,9,4,86,41,45,84,19,14,4,1,42,16,26,46,19,11,5,3,44,25,19,38,Q,EU_CL,Anfield,Liverpool
2024/25,3,1,Arsenal,2,38,20,14,4,69,34,35,74,19,11,6,2,35,17,18,39,19,9,8,2,34,17,17,35,Q,EU_CL,Emirates Stadium,London
2024/25,3,11,Manchester City,3,38,21,8,9,72,44,28,71,19,13,3,3,43,23,20,42,19,8,5,6,29,21,8,29,Q,EU_CL,Etihad Stadium,Manchester
2024/25,3,4,Chelsea,4,38,20,9,9,64,43,21,69,19,12,5,2,35,18,17,41,19,8,4,7,29,25,4,28,Q,EU_CL,Stamford Bridge,London
2024/25,3,23,Newcastle United,5,38,20,6,12,68,47,21,66,19,12,2,5,40,20,20,38,19,8,4,7,28,27,1,28,Q,EU_CL,St. James' Park,Newcastle
2024/25,3,2,Aston Villa,6,38,19,9,10,58,51,7,66,19,11,7,1,34,20,14,40,19,8,2,9,24,31,-7,26,Q,EU_UC,Villa Park,Birmingham
2024/25,3,15,Nottingham Forest,7,38,19,8,11,58,46,12,65,19,9,5,5,26,16,10,32,19,10,3,6,32,30,2,33,,,The City Ground,Nottingham
2024/25,3,131,Brighton & Hove Albion,8,38,16,13,9,66,59,7,61,19,8,8,3,30,26,4,32,19,8,5,6,36,33,3,29,,,American Express Stadium,Falmer
2024/25,3,127,Bournemouth,9,38,15,11,12,58,46,12,56,19,8,4,7,23,16,7,28,19,7,7,5,35,30,5,28,,,Vitality Stadium,Bournemouth
2024/25,3,130,Brentford,10,38,16,8,14,66,57,9,56,19,9,4,6,40,35,5,31,19,7,4,8,26,22,4,25,,,Gtech Community Stadium,Brentford
2024/25,3,34,Fulham,11,38,15,9,14,54,54,0,54,19,7,5,7,27,30,-3,26,19,8,4,7,27,24,3,28,,,Craven Cottage,London
2024/25,3,6,Crystal Palace,12,38,13,14,11,51,51,0,53,19,6,7,6,24,26,-2,25,19,7,7,5,27,25,2,28,,,Selhurst Park,London
2024/25,3,7,Everton,13,38,11,15,12,42,44,-2,48,19,5,9,5,26,23,3,24,19,6,6,7,16,21,-5,24,,,Goodison Park,Liverpool
2024/25,3,25,West Ham United,14,38,11,10,17,46,62,-16,43,19,5,5,9,23,34,-11,20,19,6,5,8,23,28,-5,23,,,London Stadium,London
2024/25,3,12,Manchester United,15,38,11,9,18,44,54,-10,42,19,7,3,9,23,28,-5,24,19,4,6,9,21,26,-5,18,,,Old Trafford,Manchester
2024/25,3,38,Wolverhampton Wanderers,16,38,12,6,20,54,69,-15,42,19,6,3,10,27,32,-5,21,19,6,3,10,27,37,-10,21,,,Molineux Stadium,Wolverhampton
2024/25,3,21,Tottenham Hotspur,17,38,11,5,22,64,65,-1,38,19,6,3,10,35,35,0,21,19,5,2,12,29,30,-1,17,,,Tottenham Hotspur Stadium,London
2024/25,3,26,Leicester City,18,38,6,7,25,33,80,-47,25,19,4,3,12,15,34,-19,15,19,2,4,13,18,46,-28,10,,,King Power Stadium,Leicester
2024/25,3,8,Ipswich Town,19,38,4,10,24,36,82,-46,22,19,1,4,14,14,44,-30,7,19,3,6,10,22,38,-16,15,,,Portman Road,Ipswich
2024/25,3,20,Southampton,20,38,2,6,30,26,86,-60,12,19,1,3,15,13,47,-34,6,19,1,3,15,13,39,-26,6,,,St. Mary's Stadium,Southampton
2024/25,4,10,Liverpool,1,38,25,9,4,86,41,45,84,19,14,4,1,42,16,26,46,19,11,5,3,44,25,19,38,Q,EU_CL,Anfield,Liverpool
2024/25,4,1,Arsenal,2,38,20,14,4,69,34,35,74,19,11,6,2,35,17,18,39,19,9,8,2,34,17,17,35,Q,EU_CL,Emirates Stadium,London
2024/25,4,11,Manchester City,3,38,21,8,9,72,44,28,71,19,13,3,3,43,23,20,42,19,8,5,6,29,21,8,29,Q,EU_CL,Etihad Stadium,Manchester
2024/25,4,4,Chelsea,4,38,20,9,9,64,43,21,69,19,12,5,2,35,18,17,41,19,8,4,7,29,25,4,28,Q,EU_CL,Stamford Bridge,London
2024/25,4,23,Newcastle United,5,38,20,6,12,68,47,21,66,19,12,2,5,40,20,20,38,19,8,4,7,28,27,1,28,Q,EU_CL,St. James' Park,Newcastle
2024/25,4,2,Aston Villa,6,38,19,9,10,58,51,7,66,19,11,7,1,34,20,14,40,19,8,2,9,24,31,-7,26,Q,EU_UC,Villa Park,Birmingham
2024/25,4,15,Nottingham Forest,7,38,19,8,11,58,46,12,65,19,9,5,5,26,16,10,32,19,10,3,6,32,30,2,33,,,The City Ground,Nottingham
2024/25,4,131,Brighton & Hove Albion,8,38,16,13,9,66,59,7,61,19,8,8,3,30,26,4,32,19,8,5,6,36,33,3,29,,,American Express Stadium,Falmer
2024/25,4,127,Bournemouth,9,38,15,11,12,58,46,12,56,19,8,4,7,23,16,7,28,19,7,7,5,35,30,5,28,,,Vitality Stadium,Bournemouth
2024/25,4,130,Brentford,10,38,16,8,14,66,57,9,56,19,9,4,6,40,35,5,31,19,7,4,8,26,22,4,25,,,Gtech Community Stadium,Brentford
2024/25,4,34,Fulham,11,38,15,9,14,54,54,0,54,19,7,5,7,27,30,-3,26,19,8,4,7,27,24,3,28,,,Craven Cottage,London
2024/25,4,6,Crystal Palace,12,38,13,14,11,51,51,0,53,19,6,7,6,24,26,-2,25,19,7,7,5,27,25,2,28,,,Selhurst Park,London
2024/25,4,7,Everton,13,38,11,15,12,42,44,-2,48,19,5,9,5,26,23,3,24,19,6,6,7,16,21,-5,24,,,Goodison Park,Liverpool
2024/25,4,25,West Ham United,14,38,11,10,17,46,62,-16,43,19,5,5,9,23,34,-11,20,19,6,5,8,23,28,-5,23,,,London Stadium,London
2024/25,4,12,Manchester United,15,38,11,9,18,44,54,-10,42,19,7,3,9,23,28,-5,24,19,4,6,9,21,26,-5,18,,,Old Trafford,Manchester
2024/25,4,38,Wolverhampton Wanderers,16,38,12,6,20,54,69,-15,42,19,6,3,10,27,32,-5,21,19,6,3,10,27,37,-10,21,,,Molineux Stadium,Wolverhampton
2024/25,4,21,Tottenham Hotspur,17,38,11,5,22,64,65,-1,38,19,6,3,10,35,35,0,21,19,5,2,12,29,30,-1,17,,,Tottenham Hotspur Stadium,London
2024/25,4,26,Leicester City,18,38,6,7,25,33,80,-47,25,19,4,3,12,15,34,-19,15,19,2,4,13,18,46,-28,10,,,King Power Stadium,Leicester
2024/25,4,8,Ipswich Town,19,38,4,10,24,36,82,-46,22,19,1,4,14,14,44,-30,7,19,3,6,10,22,38,-16,15,,,Portman Road,Ipswich
2024/25,4,20,Southampton,20,38,2,6,30,26,86,-60,12,19,1,3,15,13,47,-34,6,19,1,3,15,13,39,-26,6,,,St. Mary's Stadium,Southampton
2024/25,5,10,Liverpool,1,38,25,9,4,86,41,45,84,19,14,4,1,42,16,26,46,19,11,5,3,44,25,19,38,Q,EU_CL,Anfield,Liverpool
2024/25,5,1,Arsenal,2,38,20,14,4,69,34,35,74,19,11,6,2,35,17,18,39,19,9,8,2,34,17,17,35,Q,EU_CL,Emirates Stadium,London
2024/25,5,11,Manchester City,3,38,21,8,9,72,44,28,71,19,13,3,3,43,23,20,42,19,8,5,6,29,21,8,29,Q,EU_CL,Etihad Stadium,Manchester
2024/25,5,4,Chelsea,4,38,20,9,9,64,43,21,69,19,12,5,2,35,18,17,41,19,8,4,7,29,25,4,28,Q,EU_CL,Stamford Bridge,London
2024/25,5,23,Newcastle United,5,38,20,6,12,68,47,21,66,19,12,2,5,40,20,20,38,19,8,4,7,28,27,1,28,Q,EU_CL,St. James' Park,Newcastle
2024/25,5,2,Aston Villa,6,38,19,9,10,58,51,7,66,19,11,7,1,34,20,14,40,19,8,2,9,24,31,-7,26,Q,EU_UC,Villa Park,Birmingham
2024/25,5,15,Nottingham Forest,7,38,19,8,11,58,46,12,65,19,9,5,5,26,16,10,32,19,10,3,6,32,30,2,33,,,The City Ground,Nottingham
2024/25,5,131,Brighton & Hove Albion,8,38,16,13,9,66,59,7,61,19,8,8,3,30,26,4,32,19,8,5,6,36,33,3,29,,,American Express Stadium,Falmer
2024/25,5,127,Bournemouth,9,38,15,11,12,58,46,12,56,19,8,4,7,23,16,7,28,19,7,7,5,35,30,5,28,,,Vitality Stadium,Bournemouth
2024/25,5,130,Brentford,10,38,16,8,14,66,57,9,56,19,9,4,6,40,35,5,31,19,7,4,8,26,22,4,25,,,Gtech Community Stadium,Brentford
2024/25,5,34,Fulham,11,38,15,9,14,54,54,0,54,19,7,5,7,27,30,-3,26,19,8,4,7,27,24,3,28,,,Craven Cottage,London
2024/25,5,6,Crystal Palace,12,38,13,14,11,51,51,0,53,19,6,7,6,24,26,-2,25,19,7,7,5,27,25,2,28,,,Selhurst Park,London
2024/25,5,7,Everton,13,38,11,15,12,42,44,-2,48,19,5,9,5,26,23,3,24,19,6,6,7,16,21,-5,24,,,Goodison Park,Liverpool
2024/25,5,25,West Ham United,14,38,11,10,17,46,62,-16,43,19,5,5,9,23,34,-11,20,19,6,5,8,23,28,-5,23,,,London Stadium,London
2024/25,5,12,Manchester United,15,38,11,9,18,44,54,-10,42,19,7,3,9,23,28,-5,24,19,4,6,9,21,26,-5,18,,,Old Trafford,Manchester
2024/25,5,38,Wolverhampton Wanderers,16,38,12,6,20,54,69,-15,42,19,6,3,10,27,32,-5,21,19,6,3,10,27,37,-10,21,,,Molineux Stadium,Wolverhampton
2024/25,5,21,Tottenham Hotspur,17,38,11,5,22,64,65,-1,38,19,6,3,10,35,35,0,21,19,5,2,12,29,30,-1,17,,,Tottenham Hotspur Stadium,London
2024/25,5,26,Leicester City,18,38,6,7,25,33,80,-47,25,19,4,3,12,15,34,-19,15,19,2,4,13,18,46,-28,10,,,King Power Stadium,Leicester
2024/25,5,8,Ipswich Town,19,38,4,10,24,36,82,-46,22,19,1,4,14,14,44,-30,7,19,3,6,10,22,38,-16,15,,,Portman Road,Ipswich
2024/25,5,20,Southampton,20,38,2,6,30,26,86,-60,12,19,1,3,15,13,47,-34,6,19,1,3,15,13,39,-26,6,,,St. Mary's Stadium,Southampton
2024/25,6,10,Liverpool,1,38,25,9,4,86,41,45,84,19,14,4,1,42,16,26,46,19,11,5,3,44,25,19,38,Q,EU_CL,Anfield,Liverpool
2024/25,6,1,Arsenal,2,38,20,14,4,69,34,35,74,19,11,6,2,35,17,18,39,19,9,8,2,34,17,17,35,Q,EU_CL,Emirates Stadium,London
2024/25,6,11,Manchester City,3,38,21,8,9,72,44,28,71,19,13,3,3,43,23,20,42,19,8,5,6,29,21,8,29,Q,EU_CL,Etihad Stadium,Manchester
2024/25,6,4,Chelsea,4,38,20,9,9,64,43,21,69,19,12,5,2,35,18,17,41,19,8,4,7,29,25,4,28,Q,EU_CL,Stamford Bridge,London
2024/25,6,23,Newcastle United,5,38,20,6,12,68,47,21,66,19,12,2,5,40,20,20,38,19,8,4,7,28,27,1,28,Q,EU_CL,St. James' Park,Newcastle
2024/25,6,2,Aston Villa,6,38,19,9,10,58,51,7,66,19,11,7,1,34,20,14,40,19,8,2,9,24,31,-7,26,Q,EU_UC,Villa Park,Birmingham
2024/25,6,15,Nottingham Forest,7,38,19,8,11,58,46,12,65,19,9,5,5,26,16,10,32,19,10,3,6,32,30,2,33,,,The City Ground,Nottingham
2024/25,6,131,Brighton & Hove Albion,8,38,16,13,9,66,59,7,61,19,8,8,3,30,26,4,32,19,8,5,6,36,33,3,29,,,American Express Stadium,Falmer
2024/25,6,127,Bournemouth,9,38,15,11,12,58,46,12,56,19,8,4,7,23,16,7,28,19,7,7,5,35,30,5,28,,,Vitality Stadium,Bournemouth
2024/25,6,130,Brentford,10,38,16,8,14,66,57,9,56,19,9,4,6,40,35,5,31,19,7,4,8,26,22,4,25,,,Gtech Community Stadium,Brentford
2024/25,6,34,Fulham,11,38,15,9,14,54,54,0,54,19,7,5,7,27,30,-3,26,19,8,4,7,27,24,3,28,,,Craven Cottage,London
2024/25,6,6,Crystal Palace,12,38,13,14,11,51,51,0,53,19,6,7,6,24,26,-2,25,19,7,7,5,27,25,2,28,,,Selhurst Park,London
2024/25,6,7,Everton,13,38,11,15,12,42,44,-2,48,19,5,9,5,26,23,3,24,19,6,6,7,16,21,-5,24,,,Goodison Park,Liverpool
2024/25,6,25,West Ham United,14,38,11,10,17,46,62,-16,43,19,5,5,9,23,34,-11,20,19,6,5,8,23,28,-5,23,,,London Stadium,London
2024/25,6,12,Manchester United,15,38,11,9,18,44,54,-10,42,19,7,3,9,23,28,-5,24,19,4,6,9,21,26,-5,18,,,Old Trafford,Manchester
2024/25,6,38,Wolverhampton Wanderers,16,38,12,6,20,54,69,-15,42,19,6,3,10,27,32,-5,21,19,6,3,10,27,37,-10,21,,,Molineux Stadium,Wolverhampton
2024/25,6,21,Tottenham Hotspur,17,38,11,5,22,64,65,-1,38,19,6,3,10,35,35,0,21,19,5,2,12,29,30,-1,17,,,Tottenham Hotspur Stadium,London
2024/25,6,26,Leicester City,18,38,6,7,25,33,80,-47,25,19,4,3,12,15,34,-19,15,19,2,4,13,18,46,-28,10,,,King Power Stadium,Leicester
2024/25,6,8,Ipswich Town,19,38,4,10,24,36,82,-46,22,19,1,4,14,14,44,-30,7,19,3,6,10,22,38,-16,15,,,Portman Road,Ipswich
2024/25,6,20,Southampton,20,38,2,6,30,26,86,-60,12,19,1,3,15,13,47,-34,6,19,1,3,15,13,39,-26,6,,,St. Mary's Stadium,Southampton
2024/25,7,10,Liverpool,1,38,25,9,4,86,41,45,84,19,14,4,1,42,16,26,46,19,11,5,3,44,25,19,38,Q,EU_CL,Anfield,Liverpool
2024/25,7,1,Arsenal,2,38,20,14,4,69,34,35,74,19,11,6,2,35,17,18,39,19,9,8,2,34,17,17,35,Q,EU_CL,Emirates Stadium,London
2024/25,7,11,Manchester City,3,38,21,8,9,72,44,28,71,19,13,3,3,43,23,20,42,19,8,5,6,29,21,8,29,Q,EU_CL,Etihad Stadium,Manchester
2024/25,7,4,Chelsea,4,38,20,9,9,64,43,21,69,19,12,5,2,35,18,17,41,19,8,4,7,29,25,4,28,Q,EU_CL,Stamford Bridge,London
2024/25,7,23,Newcastle United,5,38,20,6,12,68,47,21,66,19,12,2,5,40,20,20,38,19,8,4,7,28,27,1,28,Q,EU_CL,St. James' Park,Newcastle
2024/25,7,2,Aston Villa,6,38,19,9,10,58,51,7,66,19,11,7,1,34,20,14,40,19,8,2,9,24,31,-7,26,Q,EU_UC,Villa Park,Birmingham
2024/25,7,15,Nottingham Forest,7,38,19,8,11,58,46,12,65,19,9,5,5,26,16,10,32,19,10,3,6,32,30,2,33,,,The City Ground,Nottingham
2024/25,7,131,Brighton & Hove Albion,8,38,16,13,9,66,59,7,61,19,8,8,3,30,26,4,32,19,8,5,6,36,33,3,29,,,American Express Stadium,Falmer
2024/25,7,127,Bournemouth,9,38,15,11,12,58,46,12,56,19,8,4,7,23,16,7,28,19,7,7,5,35,30,5,28,,,Vitality Stadium,Bournemouth
2024/25,7,130,Brentford,10,38,16,8,14,66,57,9,56,19,9,4,6,40,35,5,31,19,7,4,8,26,22,4,25,,,Gtech Community Stadium,Brentford
2024/25,7,34,Fulham,11,38,15,9,14,54,54,0,54,19,7,5,7,27,30,-3,26,19,8,4,7,27,24,3,28,,,Craven Cottage,London
2024/25,7,6,Crystal Palace,12,38,13,14,11,51,51,0,53,19,6,7,6,24,26,-2,25,19,7,7,5,27,25,2,28,,,Selhurst Park,London
2024/25,7,7,Everton,13,38,11,15,12,42,44,-2,48,19,5,9,5,26,23,3,24,19,6,6,7,16,21,-5,24,,,Goodison Park,Liverpool
2024/25,7,25,West Ham United,14,38,11,10,17,46,62,-16,43,19,5,5,9,23,34,-11,20,19,6,5,8,23,28,-5,23,,,London Stadium,London
2024/25,7,12,Manchester United,15,38,11,9,18,44,54,-10,42,19,7,3,9,23,28,-5,24,19,4,6,9,21,26,-5,18,,,Old Trafford,Manchester
2024/25,7,38,Wolverhampton Wanderers,16,38,12,6,20,54,69,-15,42,19,6,3,10,27,32,-5,21,19,6,3,10,27,37,-10,21,,,Molineux Stadium,Wolverhampton
2024/25,7,21,Tottenham Hotspur,17,38,11,5,22,64,65,-1,38,19,6,3,10,35,35,0,21,19,5,2,12,29,30,-1,17,,,Tottenham Hotspur Stadium,London
2024/25,7,26,Leicester City,18,38,6,7,25,33,80,-47,25,19,4,3,12,15,34,-19,15,19,2,4,13,18,46,-28,10,,,King Power Stadium,Leicester
2024/25,7,8,Ipswich Town,19,38,4,10,24,36,82,-46,22,19,1,4,14,14,44,-30,7,19,3,6,10,22,38,-16,15,,,Portman Road,Ipswich
2024/25,7,20,Southampton,20,38,2,6,30,26,86,-60,12,19,1,3,15,13,47,-34,6,19,1,3,15,13,39,-26,6,,,St. Mary's Stadium,Southampton
2024/25,8,10,Liverpool,1,38,25,9,4,86,41,45,84,19,14,4,1,42,16,26,46,19,11,5,3,44,25,19,38,Q,EU_CL,Anfield,Liverpool
2024/25,8,1,Arsenal,2,38,20,14,4,69,34,35,74,19,11,6,2,35,17,18,39,19,9,8,2,34,17,17,35,Q,EU_CL,Emirates Stadium,London
2024/25,8,11,Manchester City,3,38,21,8,9,72,44,28,71,19,13,3,3,43,23,20,42,19,8,5,6,29,21,8,29,Q,EU_CL,Etihad Stadium,Manchester
2024/25,8,4,Chelsea,4,38,20,9,9,64,43,21,69,19,12,5,2,35,18,17,41,19,8,4,7,29,25,4,28,Q,EU_CL,Stamford Bridge,London
2024/25,8,23,Newcastle United,5,38,20,6,12,68,47,21,66,19,12,2,5,40,20,20,38,19,8,4,7,28,27,1,28,Q,EU_CL,St. James' Park,Newcastle
2024/25,8,2,Aston Villa,6,38,19,9,10,58,51,7,66,19,11,7,1,34,20,14,40,19,8,2,9,24,31,-7,26,Q,EU_UC,Villa Park,Birmingham
2024/25,8,15,Nottingham Forest,7,38,19,8,11,58,46,12,65,19,9,5,5,26,16,10,32,19,10,3,6,32,30,2,33,,,The City Ground,Nottingham
2024/25,8,131,Brighton & Hove Albion,8,38,16,13,9,66,59,7,61,19,8,8,3,30,26,4,32,19,8,5,6,36,33,3,29,,,American Express Stadium,Falmer
2024/25,8,127,Bournemouth,9,38,15,11,12,58,46,12,56,19,8,4,7,23,16,7,28,19,7,7,5,35,30,5,28,,,Vitality Stadium,Bournemouth
2024/25,8,130,Brentford,10,38,16,8,14,66,57,9,56,19,9,4,6,40,35,5,31,19,7,4,8,26,22,4,25,,,Gtech Community Stadium,Brentford
2024/25,8,34,Fulham,11,38,15,9,14,54,54,0,54,19,7,5,7,27,30,-3,26,19,8,4,7,27,24,3,28,,,Craven Cottage,London
2024/25,8,6,Crystal Palace,12,38,13,14,11,51,51,0,53,19,6,7,6,24,26,-2,25,19,7,7,5,27,25,2,28,,,Selhurst Park,London
2024/25,8,7,Everton,13,38,11,15,12,42,44,-2,48,19,5,9,5,26,23,3,24,19,6,6,7,16,21,-5,24,,,Goodison Park,Liverpool
2024/25,8,25,West Ham United,14,38,11,10,17,46,62,-16,43,19,5,5,9,23,34,-11,20,19,6,5,8,23,28,-5,23,,,London Stadium,London
2024/25,8,12,Manchester United,15,38,11,9,18,44,54,-10,42,19,7,3,9,23,28,-5,24,19,4,6,9,21,26,-5,18,,,Old Trafford,Manchester
2024/25,8,38,Wolverhampton Wanderers,16,38,12,6,20,54,69,-15,42,19,6,3,10,27,32,-5,21,19,6,3,10,27,37,-10,21,,,Molineux Stadium,Wolverhampton
2024/25,8,21,Tottenham Hotspur,17,38,11,5,22,64,65,-1,38,19,6,3,10,35,35,0,21,19,5,2,12,29,30,-1,17,,,Tottenham Hotspur Stadium,London
2024/25,8,26,Leicester City,18,38,6,7,25,33,80,-47,25,19,4,3,12,15,34,-19,15,19,2,4,13,18,46,-28,10,,,King Power Stadium,Leicester
2024/25,8,8,Ipswich Town,19,38,4,10,24,36,82,-46,22,19,1,4,14,14,44,-30,7,19,3,6,10,22,38,-16,15,,,Portman Road,Ipswich
2024/25,8,20,Southampton,20,38,2,6,30,26,86,-60,12,19,1,3,15,13,47,-34,6,19,1,3,15,13,39,-26,6,,,St. Mary's Stadium,Southampton
2024/25,9,10,Liverpool,1,38,25,9,4,86,41,45,84,19,14,4,1,42,16,26,46,19,11,5,3,44,25,19,38,Q,EU_CL,Anfield,Liverpool
2024/25,9,1,Arsenal,2,38,20,14,4,69,34,35,74,19,11,6,2,35,17,18,39,19,9,8,2,34,17,17,35,Q,EU_CL,Emirates Stadium,London
2024/25,9,11,Manchester City,3,38,21,8,9,72,44,28,71,19,13,3,3,43,23,20,42,19,8,5,6,29,21,8,29,Q,EU_CL,Etihad Stadium,Manchester
2024/25,9,4,Chelsea,4,38,20,9,9,64,43,21,69,19,12,5,2,35,18,17,41,19,8,4,7,29,25,4,28,Q,EU_CL,Stamford Bridge,London
2024/25,9,23,Newcastle United,5,38,20,6,12,68,47,21,66,19,12,2,5,40,20,20,38,19,8,4,7,28,27,1,28,Q,EU_CL,St. James' Park,Newcastle
2024/25,9,2,Aston Villa,6,38,19,9,10,58,51,7,66,19,11,7,1,34,20,14,40,19,8,2,9,24,31,-7,26,Q,EU_UC,Villa Park,Birmingham
2024/25,9,15,Nottingham Forest,7,38,19,8,11,58,46,12,65,19,9,5,5,26,16,10,32,19,10,3,6,32,30,2,33,,,The City Ground,Nottingham
2024/25,9,131,Brighton & Hove Albion,8,38,16,13,9,66,59,7,61,19,8,8,3,30,26,4,32,19,8,5,6,36,33,3,29,,,American Express Stadium,Falmer
2024/25,9,127,Bournemouth,9,38,15,11,12,58,46,12,56,19,8,4,7,23,16,7,28,19,7,7,5,35,30,5,28,,,Vitality Stadium,Bournemouth
2024/25,9,130,Brentford,10,38,16,8,14,66,57,9,56,19,9,4,6,40,35,5,31,19,7,4,8,26,22,4,25,,,Gtech Community Stadium,Brentford
2024/25,9,34,Fulham,11,38,15,9,14,54,54,0,54,19,7,5,7,27,30,-3,26,19,8,4,7,27,24,3,28,,,Craven Cottage,London
2024/25,9,6,Crystal Palace,12,38,13,14,11,51,51,0,53,19,6,7,6,24,26,-2,25,19,7,7,5,27,25,2,28,,,Selhurst Park,London
2024/25,9,7,Everton,13,38,11,15,12,42,44,-2,48,19,5,9,5,26,23,3,24,19,6,6,7,16,21,-5,24,,,Goodison Park,Liverpool
2024/25,9,25,West Ham United,14,38,11,10,17,46,62,-16,43,19,5,5,9,23,34,-11,20,19,6,5,8,23,28,-5,23,,,London Stadium,London
2024/25,9,12,Manchester United,15,38,11,9,18,44,54,-10,42,19,7,3,9,23,28,-5,24,19,4,6,9,21,26,-5,18,,,Old Trafford,Manchester
2024/25,9,38,Wolverhampton Wanderers,16,38,12,6,20,54,69,-15,42,19,6,3,10,27,32,-5,21,19,6,3,10,27,37,-10,21,,,Molineux Stadium,Wolverhampton
2024/25,9,21,Tottenham Hotspur,17,38,11,5,22,64,65,-1,38,19,6,3,10,35,35,0,21,19,5,2,12,29,30,-1,17,,,Tottenham Hotspur Stadium,London
2024/25,9,26,Leicester City,18,38,6,7,25,33,80,-47,25,19,4,3,12,15,34,-19,15,19,2,4,13,18,46,-28,10,,,King Power Stadium,Leicester
2024/25,9,8,Ipswich Town,19,38,4,10,24,36,82,-46,22,19,1,4,14,14,44,-30,7,19,3,6,10,22,38,-16,15,,,Portman Road,Ipswich
2024/25,9,20,Southampton,20,38,2,6,30,26,86,-60,12,19,1,3,15,13,47,-34,6,19,1,3,15,13,39,-26,6,,,St. Mary's Stadium,Southampton
2024/25,10,10,Liverpool,1,38,25,9,4,86,41,45,84,19,14,4,1,42,16,26,46,19,11,5,3,44,25,19,38,Q,EU_CL,Anfield,Liverpool
2024/25,10,1,Arsenal,2,38,20,14,4,69,34,35,74,19,11,6,2,35,17,18,39,19,9,8,2,34,17,17,35,Q,EU_CL,Emirates Stadium,London
2024/25,10,11,Manchester City,3,38,21,8,9,72,44,28,71,19,13,3,3,43,23,20,42,19,8,5,6,29,21,8,29,Q,EU_CL,Etihad Stadium,Manchester
2024/25,10,4,Chelsea,4,38,20,9,9,64,43,21,69,19,12,5,2,35,18,17,41,19,8,4,7,29,25,4,28,Q,EU_CL,Stamford Bridge,London
2024/25,10,23,Newcastle United,5,38,20,6,12,68,47,21,66,19,12,2,5,40,20,20,38,19,8,4,7,28,27,1,28,Q,EU_CL,St. James' Park,Newcastle
2024/25,10,2,Aston Villa,6,38,19,9,10,58,51,7,66,19,11,7,1,34,20,14,40,19,8,2,9,24,31,-7,26,Q,EU_UC,Villa Park,Birmingham
2024/25,10,15,Nottingham Forest,7,38,19,8,11,58,46,12,65,19,9,5,5,26,16,10,32,19,10,3,6,32,30,2,33,,,The City Ground,Nottingham
2024/25,10,131,Brighton & Hove Albion,8,38,16,13,9,66,59,7,61,19,8,8,3,30,26,4,32,19,8,5,6,36,33,3,29,,,American Express Stadium,Falmer
2024/25,10,127,Bournemouth,9,38,15,11,12,58,46,12,56,19,8,4,7,23,16,7,28,19,7,7,5,35,30,5,28,,,Vitality Stadium,Bournemouth
2024/25,10,130,Brentford,10,38,16,8,14,66,57,9,56,19,9,4,6,40,35,5,31,19,7,4,8,26,22,4,25,,,Gtech Community Stadium,Brentford
2024/25,10,34,Fulham,11,38,15,9,14,54,54,0,54,19,7,5,7,27,30,-3,26,19,8,4,7,27,24,3,28,,,Craven Cottage,London
2024/25,10,6,Crystal Palace,12,38,13,14,11,51,51,0,53,19,6,7,6,24,26,-2,25,19,7,7,5,27,25,2,28,,,Selhurst Park,London
2024/25,10,7,Everton,13,38,11,15,12,42,44,-2,48,19,5,9,5,26,23,3,24,19,6,6,7,16,21,-5,24,,,Goodison Park,Liverpool
2024/25,10,25,West Ham United,14,38,11,10,17,46,62,-16,43,19,5,5,9,23,34,-11,20,19,6,5,8,23,28,-5,23,,,London Stadium,London
2024/25,10,12,Manchester United,15,38,11,9,18,44,54,-10,42,19,7,3,9,23,28,-5,24,19,4,6,9,21,26,-5,18,,,Old Trafford,Manchester
2024/25,10,38,Wolverhampton Wanderers,16,38,12,6,20,54,69,-15,42,19,6,3,10,27,32,-5,21,19,6,3,10,27,37,-10,21,,,Molineux Stadium,Wolverhampton
2024/25,10,21,Tottenham Hotspur,17,38,11,5,22,64,65,-1,38,19,6,3,10,35,35,0,21,19,5,2,12,29,30,-1,17,,,Tottenham Hotspur Stadium,London
2024/25,10,26,Leicester City,18,38,6,7,25,33,80,-47,25,19,4,3,12,15,34,-19,15,19,2,4,13,18,46,-28,10,,,King Power Stadium,Leicester
2024/25,10,8,Ipswich Town,19,38,4,10,24,36,82,-46,22,19,1,4,14,14,44,-30,7,19,3,6,10,22,38,-16,15,,,Portman Road,Ipswich
2024/25,10,20,Southampton,20,38,2,6,30,26,86,-60,12,19,1,3,15,13,47,-34,6,19,1,3,15,13,39,-26,6,,,St. Mary's Stadium,Southampton
2024/25,11,10,Liverpool,1,38,25,9,4,86,41,45,84,19,14,4,1,42,16,26,46,19,11,5,3,44,25,19,38,Q,EU_CL,Anfield,Liverpool
2024/25,11,1,Arsenal,2,38,20,14,4,69,34,35,74,19,11,6,2,35,17,18,39,19,9,8,2,34,17,17,35,Q,EU_CL,Emirates Stadium,London
2024/25,11,11,Manchester City,3,38,21,8,9,72,44,28,71,19,13,3,3,43,23,20,42,19,8,5,6,29,21,8,29,Q,EU_CL,Etihad Stadium,Manchester
2024/25,11,4,Chelsea,4,38,20,9,9,64,43,21,69,19,12,5,2,35,18,17,41,19,8,4,7,29,25,4,28,Q,EU_CL,Stamford Bridge,London
2024/25,11,23,Newcastle United,5,38,20,6,12,68,47,21,66,19,12,2,5,40,20,20,38,19,8,4,7,28,27,1,28,Q,EU_CL,St. James' Park,Newcastle
2024/25,11,2,Aston Villa,6,38,19,9,10,58,51,7,66,19,11,7,1,34,20,14,40,19,8,2,9,24,31,-7,26,Q,EU_UC,Villa Park,Birmingham
2024/25,11,15,Nottingham Forest,7,38,19,8,11,58,46,12,65,19,9,5,5,26,16,10,32,19,10,3,6,32,30,2,33,,,The City Ground,Nottingham
2024/25,11,131,Brighton & Hove Albion,8,38,16,13,9,66,59,7,61,19,8,8,3,30,26,4,32,19,8,5,6,36,33,3,29,,,American Express Stadium,Falmer
2024/25,11,127,Bournemouth,9,38,15,11,12,58,46,12,56,19,8,4,7,23,16,7,28,19,7,7,5,35,30,5,28,,,Vitality Stadium,Bournemouth
2024/25,11,130,Brentford,10,38,16,8,14,66,57,9,56,19,9,4,6,40,35,5,31,19,7,4,8,26,22,4,25,,,Gtech Community Stadium,Brentford
2024/25,11,34,Fulham,11,38,15,9,14,54,54,0,54,19,7,5,7,27,30,-3,26,19,8,4,7,27,24,3,28,,,Craven Cottage,London
2024/25,11,6,Crystal Palace,12,38,13,14,11,51,51,0,53,19,6,7,6,24,26,-2,25,19,7,7,5,27,25,2,28,,,Selhurst Park,London
2024/25,11,7,Everton,13,38,11,15,12,42,44,-2,48,19,5,9,5,26,23,3,24,19,6,6,7,16,21,-5,24,,,Goodison Park,Liverpool
2024/25,11,25,West Ham United,14,38,11,10,17,46,62,-16,43,19,5,5,9,23,34,-11,20,19,6,5,8,23,28,-5,23,,,London Stadium,London
2024/25,11,12,Manchester United,15,38,11,9,18,44,54,-10,42,19,7,3,9,23,28,-5,24,19,4,6,9,21,26,-5,18,,,Old Trafford,Manchester
2024/25,11,38,Wolverhampton Wanderers,16,38,12,6,20,54,69,-15,42,19,6,3,10,27,32,-5,21,19,6,3,10,27,37,-10,21,,,Molineux Stadium,Wolverhampton
2024/25,11,21,Tottenham Hotspur,17,38,11,5,22,64,65,-1,38,19,6,3,10,35,35,0,21,19,5,2,12,29,30,-1,17,,,Tottenham Hotspur Stadium,London
2024/25,11,26,Leicester City,18,38,6,7,25,33,80,-47,25,19,4,3,12,15,34,-19,15,19,2,4,13,18,46,-28,10,,,King Power Stadium,Leicester
2024/25,11,8,Ipswich Town,19,38,4,10,24,36,82,-46,22,19,1,4,14,14,44,-30,7,19,3,6,10,22,38,-16,15,,,Portman Road,Ipswich
2024/25,11,20,Southampton,20,38,2,6,30,26,86,-60,12,19,1,3,15,13,47,-34,6,19,1,3,15,13,39,-26,6,,,St. Mary's Stadium,Southampton
2024/25,12,10,Liverpool,1,38,25,9,4,86,41,45,84,19,14,4,1,42,16,26,46,19,11,5,3,44,25,19,38,Q,EU_CL,Anfield,Liverpool
2024/25,12,1,Arsenal,2,38,20,14,4,69,34,35,74,19,11,6,2,35,17,18,39,19,9,8,2,34,17,17,35,Q,EU_CL,Emirates Stadium,London
2024/25,12,11,Manchester City,3,38,21,8,9,72,44,28,71,19,13,3,3,43,23,20,42,19,8,5,6,29,21,8,29,Q,EU_CL,Etihad Stadium,Manchester
2024/25,12,4,Chelsea,4,38,20,9,9,64,43,21,69,19,12,5,2,35,18,17,41,19,8,4,7,29,25,4,28,Q,EU_CL,Stamford Bridge,London
2024/25,12,23,Newcastle United,5,38,20,6,12,68,47,21,66,19,12,2,5,40,20,20,38,19,8,4,7,28,27,1,28,Q,EU_CL,St. James' Park,Newcastle
2024/25,12,2,Aston Villa,6,38,19,9,10,58,51,7,66,19,11,7,1,34,20,14,40,19,8,2,9,24,31,-7,26,Q,EU_UC,Villa Park,Birmingham
2024/25,12,15,Nottingham Forest,7,38,19,8,11,58,46,12,65,19,9,5,5,26,16,10,32,19,10,3,6,32,30,2,33,,,The City Ground,Nottingham
2024/25,12,131,Brighton & Hove Albion,8,38,16,13,9,66,59,7,61,19,8,8,3,30,26,4,32,19,8,5,6,36,33,3,29,,,American Express Stadium,Falmer
2024/25,12,127,Bournemouth,9,38,15,11,12,58,46,12,56,19,8,4,7,23,16,7,28,19,7,7,5,35,30,5,28,,,Vitality Stadium,Bournemouth
2024/25,12,130,Brentford,10,38,16,8,14,66,57,9,56,19,9,4,6,40,35,5,31,19,7,4,8,26,22,4,25,,,Gtech Community Stadium,Brentford
2024/25,12,34,Fulham,11,38,15,9,14,54,54,0,54,19,7,5,7,27,30,-3,26,19,8,4,7,27,24,3,28,,,Craven Cottage,London
2024/25,12,6,Crystal Palace,12,38,13,14,11,51,51,0,53,19,6,7,6,24,26,-2,25,19,7,7,5,27,25,2,28,,,Selhurst Park,London
2024/25,12,7,Everton,13,38,11,15,12,42,44,-2,48,19,5,9,5,26,23,3,24,19,6,6,7,16,21,-5,24,,,Goodison Park,Liverpool
2024/25,12,25,West Ham United,14,38,11,10,17,46,62,-16,43,19,5,5,9,23,34,-11,20,19,6,5,8,23,28,-5,23,,,London Stadium,London
2024/25,12,12,Manchester United,15,38,11,9,18,44,54,-10,42,19,7,3,9,23,28,-5,24,19,4,6,9,21,26,-5,18,,,Old Trafford,Manchester
2024/25,12,38,Wolverhampton Wanderers,16,38,12,6,20,54,69,-15,42,19,6,3,10,27,32,-5,21,19,6,3,10,27,37,-10,21,,,Molineux Stadium,Wolverhampton
2024/25,12,21,Tottenham Hotspur,17,38,11,5,22,64,65,-1,38,19,6,3,10,35,35,0,21,19,5,2,12,29,30,-1,17,,,Tottenham Hotspur Stadium,London
2024/25,12,26,Leicester City,18,38,6,7,25,33,80,-47,25,19,4,3,12,15,34,-19,15,19,2,4,13,18,46,-28,10,,,King Power Stadium,Leicester
2024/25,12,8,Ipswich Town,19,38,4,10,24,36,82,-46,22,19,1,4,14,14,44,-30,7,19,3,6,10,22,38,-16,15,,,Portman Road,Ipswich
2024/25,12,20,Southampton,20,38,2,6,30,26,86,-60,12,19,1,3,15,13,47,-34,6,19,1,3,15,13,39,-26,6,,,St. Mary's Stadium,Southampton
2024/25,13,10,Liverpool,1,38,25,9,4,86,41,45,84,19,14,4,1,42,16,26,46,19,11,5,3,44,25,19,38,Q,EU_CL,Anfield,Liverpool
2024/25,13,1,Arsenal,2,38,20,14,4,69,34,35,74,19,11,6,2,35,17,18,39,19,9,8,2,34,17,17,35,Q,EU_CL,Emirates Stadium,London
2024/25,13,11,Manchester City,3,38,21,8,9,72,44,28,71,19,13,3,3,43,23,20,42,19,8,5,6,29,21,8,29,Q,EU_CL,Etihad Stadium,Manchester
2024/25,13,4,Chelsea,4,38,20,9,9,64,43,21,69,19,12,5,2,35,18,17,41,19,8,4,7,29,25,4,28,Q,EU_CL,Stamford Bridge,London
2024/25,13,23,Newcastle United,5,38,20,6,12,68,47,21,66,19,12,2,5,40,20,20,38,19,8,4,7,28,27,1,28,Q,EU_CL,St. James' Park,Newcastle
2024/25,13,2,Aston Villa,6,38,19,9,10,58,51,7,66,19,11,7,1,34,20,14,40,19,8,2,9,24,31,-7,26,Q,EU_UC,Villa Park,Birmingham
2024/25,13,15,Nottingham Forest,7,38,19,8,11,58,46,12,65,19,9,5,5,26,16,10,32,19,10,3,6,32,30,2,33,,,The City Ground,Nottingham
2024/25,13,131,Brighton & Hove Albion,8,38,16,13,9,66,59,7,61,19,8,8,3,30,26,4,32,19,8,5,6,36,33,3,29,,,American Express Stadium,Falmer
2024/25,13,127,Bournemouth,9,38,15,11,12,58,46,12,56,19,8,4,7,23,16,7,28,19,7,7,5,35,30,5,28,,,Vitality Stadium,Bournemouth
2024/25,13,130,Brentford,10,38,16,8,14,66,57,9,56,19,9,4,6,40,35,5,31,19,7,4,8,26,22,4,25,,,Gtech Community Stadium,Brentford
2024/25,13,34,Fulham,11,38,15,9,14,54,54,0,54,19,7,5,7,27,30,-3,26,19,8,4,7,27,24,3,28,,,Craven Cottage,London
2024/25,13,6,Crystal Palace,12,38,13,14,11,51,51,0,53,19,6,7,6,24,26,-2,25,19,7,7,5,27,25,2,28,,,Selhurst Park,London
2024/25,13,7,Everton,13,38,11,15,12,42,44,-2,48,19,5,9,5,26,23,3,24,19,6,6,7,16,21,-5,24,,,Goodison Park,Liverpool
2024/25,13,25,West Ham United,14,38,11,10,17,46,62,-16,43,19,5,5,9,23,34,-11,20,19,6,5,8,23,28,-5,23,,,London Stadium,London
2024/25,13,12,Manchester United,15,38,11,9,18,44,54,-10,42,19,7,3,9,23,28,-5,24,19,4,6,9,21,26,-5,18,,,Old Trafford,Manchester
2024/25,13,38,Wolverhampton Wanderers,16,38,12,6,20,54,69,-15,42,19,6,3,10,27,32,-5,21,19,6,3,10,27,37,-10,21,,,Molineux Stadium,Wolverhampton
2024/25,13,21,Tottenham Hotspur,17,38,11,5,22,64,65,-1,38,19,6,3,10,35,35,0,21,19,5,2,12,29,30,-1,17,,,Tottenham Hotspur Stadium,London
2024/25,13,26,Leicester City,18,38,6,7,25,33,80,-47,25,19,4,3,12,15,34,-19,15,19,2,4,13,18,46,-28,10,,,King Power Stadium,Leicester
2024/25,13,8,Ipswich Town,19,38,4,10,24,36,82,-46,22,19,1,4,14,14,44,-30,7,19,3,6,10,22,38,-16,15,,,Portman Road,Ipswich
2024/25,13,20,Southampton,20,38,2,6,30,26,86,-60,12,19,1,3,15,13,47,-34,6,19,1,3,15,13,39,-26,6,,,St. Mary's Stadium,Southampton
2024/25,14,10,Liverpool,1,38,25,9,4,86,41,45,84,19,14,4,1,42,16,26,46,19,11,5,3,44,25,19,38,Q,EU_CL,Anfield,Liverpool
2024/25,14,1,Arsenal,2,38,20,14,4,69,34,35,74,19,11,6,2,35,17,18,39,19,9,8,2,34,17,17,35,Q,EU_CL,Emirates Stadium,London
2024/25,14,11,Manchester City,3,38,21,8,9,72,44,28,71,19,13,3,3,43,23,20,42,19,8,5,6,29,21,8,29,Q,EU_CL,Etihad Stadium,Manchester
2024/25,14,4,Chelsea,4,38,20,9,9,64,43,21,69,19,12,5,2,35,18,17,41,19,8,4,7,29,25,4,28,Q,EU_CL,Stamford Bridge,London
2024/25,14,23,Newcastle United,5,38,20,6,12,68,47,21,66,19,12,2,5,40,20,20,38,19,8,4,7,28,27,1,28,Q,EU_CL,St. James' Park,Newcastle
2024/25,14,2,Aston Villa,6,38,19,9,10,58,51,7,66,19,11,7,1,34,20,14,40,19,8,2,9,24,31,-7,26,Q,EU_UC,Villa Park,Birmingham
2024/25,14,15,Nottingham Forest,7,38,19,8,11,58,46,12,65,19,9,5,5,26,16,10,32,19,10,3,6,32,30,2,33,,,The City Ground,Nottingham
2024/25,14,131,Brighton & Hove Albion,8,38,16,13,9,66,59,7,61,19,8,8,3,30,26,4,32,19,8,5,6,36,33,3,29,,,American Express Stadium,Falmer
2024/25,14,127,Bournemouth,9,38,15,11,12,58,46,12,56,19,8,4,7,23,16,7,28,19,7,7,5,35,30,5,28,,,Vitality Stadium,Bournemouth
2024/25,14,130,Brentford,10,38,16,8,14,66,57,9,56,19,9,4,6,40,35,5,31,19,7,4,8,26,22,4,25,,,Gtech Community Stadium,Brentford
2024/25,14,34,Fulham,11,38,15,9,14,54,54,0,54,19,7,5,7,27,30,-3,26,19,8,4,7,27,24,3,28,,,Craven Cottage,London
2024/25,14,6,Crystal Palace,12,38,13,14,11,51,51,0,53,19,6,7,6,24,26,-2,25,19,7,7,5,27,25,2,28,,,Selhurst Park,London
2024/25,14,7,Everton,13,38,11,15,12,42,44,-2,48,19,5,9,5,26,23,3,24,19,6,6,7,16,21,-5,24,,,Goodison Park,Liverpool
2024/25,14,25,West Ham United,14,38,11,10,17,46,62,-16,43,19,5,5,9,23,34,-11,20,19,6,5,8,23,28,-5,23,,,London Stadium,London
2024/25,14,12,Manchester United,15,38,11,9,18,44,54,-10,42,19,7,3,9,23,28,-5,24,19,4,6,9,21,26,-5,18,,,Old Trafford,Manchester
2024/25,14,38,Wolverhampton Wanderers,16,38,12,6,20,54,69,-15,42,19,6,3,10,27,32,-5,21,19,6,3,10,27,37,-10,21,,,Molineux Stadium,Wolverhampton
2024/25,14,21,Tottenham Hotspur,17,38,11,5,22,64,65,-1,38,19,6,3,10,35,35,0,21,19,5,2,12,29,30,-1,17,,,Tottenham Hotspur Stadium,London
2024/25,14,26,Leicester City,18,38,6,7,25,33,80,-47,25,19,4,3,12,15,34,-19,15,19,2,4,13,18,46,-28,10,,,King Power Stadium,Leicester
2024/25,14,8,Ipswich Town,19,38,4,10,24,36,82,-46,22,19,1,4,14,14,44,-30,7,19,3,6,10,22,38,-16,15,,,Portman Road,Ipswich
2024/25,14,20,Southampton,20,38,2,6,30,26,86,-60,12,19,1,3,15,13,47,-34,6,19,1,3,15,13,39,-26,6,,,St. Mary's Stadium,Southampton
2024/25,15,10,Liverpool,1,38,25,9,4,86,41,45,84,19,14,4,1,42,16,26,46,19,11,5,3,44,25,19,38,Q,EU_CL,Anfield,Liverpool
2024/25,15,1,Arsenal,2,38,20,14,4,69,34,35,74,19,11,6,2,35,17,18,39,19,9,8,2,34,17,17,35,Q,EU_CL,Emirates Stadium,London
2024/25,15,11,Manchester City,3,38,21,8,9,72,44,28,71,19,13,3,3,43,23,20,42,19,8,5,6,29,21,8,29,Q,EU_CL,Etihad Stadium,Manchester
2024/25,15,4,Chelsea,4,38,20,9,9,64,43,21,69,19,12,5,2,35,18,17,41,19,8,4,7,29,25,4,28,Q,EU_CL,Stamford Bridge,London
2024/25,15,23,Newcastle United,5,38,20,6,12,68,47,21,66,19,12,2,5,40,20,20,38,19,8,4,7,28,27,1,28,Q,EU_CL,St. James' Park,Newcastle
2024/25,15,2,Aston Villa,6,38,19,9,10,58,51,7,66,19,11,7,1,34,20,14,40,19,8,2,9,24,31,-7,26,Q,EU_UC,Villa Park,Birmingham
2024/25,15,15,Nottingham Forest,7,38,19,8,11,58,46,12,65,19,9,5,5,26,16,10,32,19,10,3,6,32,30,2,33,,,The City Ground,Nottingham
2024/25,15,131,Brighton & Hove Albion,8,38,16,13,9,66,59,7,61,19,8,8,3,30,26,4,32,19,8,5,6,36,33,3,29,,,American Express Stadium,Falmer
2024/25,15,127,Bournemouth,9,38,15,11,12,58,46,12,56,19,8,4,7,23,16,7,28,19,7,7,5,35,30,5,28,,,Vitality Stadium,Bournemouth
2024/25,15,130,Brentford,10,38,16,8,14,66,57,9,56,19,9,4,6,40,35,5,31,19,7,4,8,26,22,4,25,,,Gtech Community Stadium,Brentford
2024/25,15,34,Fulham,11,38,15,9,14,54,54,0,54,19,7,5,7,27,30,-3,26,19,8,4,7,27,24,3,28,,,Craven Cottage,London
2024/25,15,6,Crystal Palace,12,38,13,14,11,51,51,0,53,19,6,7,6,24,26,-2,25,19,7,7,5,27,25,2,28,,,Selhurst Park,London
2024/25,15,7,Everton,13,38,11,15,12,42,44,-2,48,19,5,9,5,26,23,3,24,19,6,6,7,16,21,-5,24,,,Goodison Park,Liverpool
2024/25,15,25,West Ham United,14,38,11,10,17,46,62,-16,43,19,5,5,9,23,34,-11,20,19,6,5,8,23,28,-5,23,,,London Stadium,London
2024/25,15,12,Manchester United,15,38,11,9,18,44,54,-10,42,19,7,3,9,23,28,-5,24,19,4,6,9,21,26,-5,18,,,Old Trafford,Manchester
2024/25,15,38,Wolverhampton Wanderers,16,38,12,6,20,54,69,-15,42,19,6,3,10,27,32,-5,21,19,6,3,10,27,37,-10,21,,,Molineux Stadium,Wolverhampton
2024/25,15,21,Tottenham Hotspur,17,38,11,5,22,64,65,-1,38,19,6,3,10,35,35,0,21,19,5,2,12,29,30,-1,17,,,Tottenham Hotspur Stadium,London
2024/25,15,26,Leicester City,18,38,6,7,25,33,80,-47,25,19,4,3,12,15,34,-19,15,19,2,4,13,18,46,-28,10,,,King Power Stadium,Leicester
2024/25,15,8,Ipswich Town,19,38,4,10,24,36,82,-46,22,19,1,4,14,14,44,-30,7,19,3,6,10,22,38,-16,15,,,Portman Road,Ipswich
2024/25,15,20,Southampton,20,38,2,6,30,26,86,-60,12,19,1,3,15,13,47,-34,6,19,1,3,15,13,39,-26,6,,,St. Mary's Stadium,Southampton
2024/25,16,10,Liverpool,1,38,25,9,4,86,41,45,84,19,14,4,1,42,16,26,46,19,11,5,3,44,25,19,38,Q,EU_CL,Anfield,Liverpool
2024/25,16,1,Arsenal,2,38,20,14,4,69,34,35,74,19,11,6,2,35,17,18,39,19,9,8,2,34,17,17,35,Q,EU_CL,Emirates Stadium,London
2024/25,16,11,Manchester City,3,38,21,8,9,72,44,28,71,19,13,3,3,43,23,20,42,19,8,5,6,29,21,8,29,Q,EU_CL,Etihad Stadium,Manchester
2024/25,16,4,Chelsea,4,38,20,9,9,64,43,21,69,19,12,5,2,35,18,17,41,19,8,4,7,29,25,4,28,Q,EU_CL,Stamford Bridge,London
2024/25,16,23,Newcastle United,5,38,20,6,12,68,47,21,66,19,12,2,5,40,20,20,38,19,8,4,7,28,27,1,28,Q,EU_CL,St. James' Park,Newcastle
2024/25,16,2,Aston Villa,6,38,19,9,10,58,51,7,66,19,11,7,1,34,20,14,40,19,8,2,9,24,31,-7,26,Q,EU_UC,Villa Park,Birmingham
2024/25,16,15,Nottingham Forest,7,38,19,8,11,58,46,12,65,19,9,5,5,26,16,10,32,19,10,3,6,32,30,2,33,,,The City Ground,Nottingham
2024/25,16,131,Brighton & Hove Albion,8,38,16,13,9,66,59,7,61,19,8,8,3,30,26,4,32,19,8,5,6,36,33,3,29,,,American Express Stadium,Falmer
2024/25,16,127,Bournemouth,9,38,15,11,12,58,46,12,56,19,8,4,7,23,16,7,28,19,7,7,5,35,30,5,28,,,Vitality Stadium,Bournemouth
2024/25,16,130,Brentford,10,38,16,8,14,66,57,9,56,19,9,4,6,40,35,5,31,19,7,4,8,26,22,4,25,,,Gtech Community Stadium,Brentford
2024/25,16,34,Fulham,11,38,15,9,14,54,54,0,54,19,7,5,7,27,30,-3,26,19,8,4,7,27,24,3,28,,,Craven Cottage,London
2024/25,16,6,Crystal Palace,12,38,13,14,11,51,51,0,53,19,6,7,6,24,26,-2,25,19,7,7,5,27,25,2,28,,,Selhurst Park,London
2024/25,16,7,Everton,13,38,11,15,12,42,44,-2,48,19,5,9,5,26,23,3,24,19,6,6,7,16,21,-5,24,,,Goodison Park,Liverpool
2024/25,16,25,West Ham United,14,38,11,10,17,46,62,-16,43,19,5,5,9,23,34,-11,20,19,6,5,8,23,28,-5,23,,,London Stadium,London
2024/25,16,12,Manchester United,15,38,11,9,18,44,54,-10,42,19,7,3,9,23,28,-5,24,19,4,6,9,21,26,-5,18,,,Old Trafford,Manchester
2024/25,16,38,Wolverhampton Wanderers,16,38,12,6,20,54,69,-15,42,19,6,3,10,27,32,-5,21,19,6,3,10,27,37,-10,21,,,Molineux Stadium,Wolverhampton
2024/25,16,21,Tottenham Hotspur,17,38,11,5,22,64,65,-1,38,19,6,3,10,35,35,0,21,19,5,2,12,29,30,-1,17,,,Tottenham Hotspur Stadium,London
2024/25,16,26,Leicester City,18,38,6,7,25,33,80,-47,25,19,4,3,12,15,34,-19,15,19,2,4,13,18,46,-28,10,,,King Power Stadium,Leicester
2024/25,16,8,Ipswich Town,19,38,4,10,24,36,82,-46,22,19,1,4,14,14,44,-30,7,19,3,6,10,22,38,-16,15,,,Portman Road,Ipswich
2024/25,16,20,Southampton,20,38,2,6,30,26,86,-60,12,19,1,3,15,13,47,-34,6,19,1,3,15,13,39,-26,6,,,St. Mary's Stadium,Southampton
2024/25,17,10,Liverpool,1,38,25,9,4,86,41,45,84,19,14,4,1,42,16,26,46,19,11,5,3,44,25,19,38,Q,EU_CL,Anfield,Liverpool
2024/25,17,1,Arsenal,2,38,20,14,4,69,34,35,74,19,11,6,2,35,17,18,39,19,9,8,2,34,17,17,35,Q,EU_CL,Emirates Stadium,London
2024/25,17,11,Manchester City,3,38,21,8,9,72,44,28,71,19,13,3,3,43,23,20,42,19,8,5,6,29,21,8,29,Q,EU_CL,Etihad Stadium,Manchester
2024/25,17,4,Chelsea,4,38,20,9,9,64,43,21,69,19,12,5,2,35,18,17,41,19,8,4,7,29,25,4,28,Q,EU_CL,Stamford Bridge,London
2024/25,17,23,Newcastle United,5,38,20,6,12,68,47,21,66,19,12,2,5,40,20,20,38,19,8,4,7,28,27,1,28,Q,EU_CL,St. James' Park,Newcastle
2024/25,17,2,Aston Villa,6,38,19,9,10,58,51,7,66,19,11,7,1,34,20,14,40,19,8,2,9,24,31,-7,26,Q,EU_UC,Villa Park,Birmingham
2024/25,17,15,Nottingham Forest,7,38,19,8,11,58,46,12,65,19,9,5,5,26,16,10,32,19,10,3,6,32,30,2,33,,,The City Ground,Nottingham
2024/25,17,131,Brighton & Hove Albion,8,38,16,13,9,66,59,7,61,19,8,8,3,30,26,4,32,19,8,5,6,36,33,3,29,,,American Express Stadium,Falmer
2024/25,17,127,Bournemouth,9,38,15,11,12,58,46,12,56,19,8,4,7,23,16,7,28,19,7,7,5,35,30,5,28,,,Vitality Stadium,Bournemouth
2024/25,17,130,Brentford,10,38,16,8,14,66,57,9,56,19,9,4,6,40,35,5,31,19,7,4,8,26,22,4,25,,,Gtech Community Stadium,Brentford
2024/25,17,34,Fulham,11,38,15,9,14,54,54,0,54,19,7,5,7,27,30,-3,26,19,8,4,7,27,24,3,28,,,Craven Cottage,London
2024/25,17,6,Crystal Palace,12,38,13,14,11,51,51,0,53,19,6,7,6,24,26,-2,25,19,7,7,5,27,25,2,28,,,Selhurst Park,London
2024/25,17,7,Everton,13,38,11,15,12,42,44,-2,48,19,5,9,5,26,23,3,24,19,6,6,7,16,21,-5,24,,,Goodison Park,Liverpool
2024/25,17,25,West Ham United,14,38,11,10,17,46,62,-16,43,19,5,5,9,23,34,-11,20,19,6,5,8,23,28,-5,23,,,London Stadium,London
2024/25,17,12,Manchester United,15,38,11,9,18,44,54,-10,42,19,7,3,9,23,28,-5,24,19,4,6,9,21,26,-5,18,,,Old Trafford,Manchester
2024/25,17,38,Wolverhampton Wanderers,16,38,12,6,20,54,69,-15,42,19,6,3,10,27,32,-5,21,19,6,3,10,27,37,-10,21,,,Molineux Stadium,Wolverhampton
2024/25,17,21,Tottenham Hotspur,17,38,11,5,22,64,65,-1,38,19,6,3,10,35,35,0,21,19,5,2,12,29,30,-1,17,,,Tottenham Hotspur Stadium,London
2024/25,17,26,Leicester City,18,38,6,7,25,33,80,-47,25,19,4,3,12,15,34,-19,15,19,2,4,13,18,46,-28,10,,,King Power Stadium,Leicester
2024/25,17,8,Ipswich Town,19,38,4,10,24,36,82,-46,22,19,1,4,14,14,44,-30,7,19,3,6,10,22,38,-16,15,,,Portman Road,Ipswich
2024/25,17,20,Southampton,20,38,2,6,30,26,86,-60,12,19,1,3,15,13,47,-34,6,19,1,3,15,13,39,-26,6,,,St. Mary's Stadium,Southampton
2024/25,18,10,Liverpool,1,38,25,9,4,86,41,45,84,19,14,4,1,42,16,26,46,19,11,5,3,44,25,19,38,Q,EU_CL,Anfield,Liverpool
2024/25,18,1,Arsenal,2,38,20,14,4,69,34,35,74,19,11,6,2,35,17,18,39,19,9,8,2,34,17,17,35,Q,EU_CL,Emirates Stadium,London
2024/25,18,11,Manchester City,3,38,21,8,9,72,44,28,71,19,13,3,3,43,23,20,42,19,8,5,6,29,21,8,29,Q,EU_CL,Etihad Stadium,Manchester
2024/25,18,4,Chelsea,4,38,20,9,9,64,43,21,69,19,12,5,2,35,18,17,41,19,8,4,7,29,25,4,28,Q,EU_CL,Stamford Bridge,London
2024/25,18,23,Newcastle United,5,38,20,6,12,68,47,21,66,19,12,2,5,40,20,20,38,19,8,4,7,28,27,1,28,Q,EU_CL,St. James' Park,Newcastle
2024/25,18,2,Aston Villa,6,38,19,9,10,58,51,7,66,19,11,7,1,34,20,14,40,19,8,2,9,24,31,-7,26,Q,EU_UC,Villa Park,Birmingham
2024/25,18,15,Nottingham Forest,7,38,19,8,11,58,46,12,65,19,9,5,5,26,16,10,32,19,10,3,6,32,30,2,33,,,The City Ground,Nottingham
2024/25,18,131,Brighton & Hove Albion,8,38,16,13,9,66,59,7,61,19,8,8,3,30,26,4,32,19,8,5,6,36,33,3,29,,,American Express Stadium,Falmer
2024/25,18,127,Bournemouth,9,38,15,11,12,58,46,12,56,19,8,4,7,23,16,7,28,19,7,7,5,35,30,5,28,,,Vitality Stadium,Bournemouth
2024/25,18,130,Brentford,10,38,16,8,14,66,57,9,56,19,9,4,6,40,35,5,31,19,7,4,8,26,22,4,25,,,Gtech Community Stadium,Brentford
2024/25,18,34,Fulham,11,38,15,9,14,54,54,0,54,19,7,5,7,27,30,-3,26,19,8,4,7,27,24,3,28,,,Craven Cottage,London
2024/25,18,6,Crystal Palace,12,38,13,14,11,51,51,0,53,19,6,7,6,24,26,-2,25,19,7,7,5,27,25,2,28,,,Selhurst Park,London
2024/25,18,7,Everton,13,38,11,15,12,42,44,-2,48,19,5,9,5,26,23,3,24,19,6,6,7,16,21,-5,24,,,Goodison Park,Liverpool
2024/25,18,25,West Ham United,14,38,11,10,17,46,62,-16,43,19,5,5,9,23,34,-11,20,19,6,5,8,23,28,-5,23,,,London Stadium,London
2024/25,18,12,Manchester United,15,38,11,9,18,44,54,-10,42,19,7,3,9,23,28,-5,24,19,4,6,9,21,26,-5,18,,,Old Trafford,Manchester
2024/25,18,38,Wolverhampton Wanderers,16,38,12,6,20,54,69,-15,42,19,6,3,10,27,32,-5,21,19,6,3,10,27,37,-10,21,,,Molineux Stadium,Wolverhampton
2024/25,18,21,Tottenham Hotspur,17,38,11,5,22,64,65,-1,38,19,6,3,10,35,35,0,21,19,5,2,12,29,30,-1,17,,,Tottenham Hotspur Stadium,London
2024/25,18,26,Leicester City,18,38,6,7,25,33,80,-47,25,19,4,3,12,15,34,-19,15,19,2,4,13,18,46,-28,10,,,King Power Stadium,Leicester
2024/25,18,8,Ipswich Town,19,38,4,10,24,36,82,-46,22,19,1,4,14,14,44,-30,7,19,3,6,10,22,38,-16,15,,,Portman Road,Ipswich
2024/25,18,20,Southampton,20,38,2,6,30,26,86,-60,12,19,1,3,15,13,47,-34,6,19,1,3,15,13,39,-26,6,,,St. Mary's Stadium,Southampton
2024/25,19,10,Liverpool,1,38,25,9,4,86,41,45,84,19,14,4,1,42,16,26,46,19,11,5,3,44,25,19,38,Q,EU_CL,Anfield,Liverpool
2024/25,19,1,Arsenal,2,38,20,14,4,69,34,35,74,19,11,6,2,35,17,18,39,19,9,8,2,34,17,17,35,Q,EU_CL,Emirates Stadium,London
2024/25,19,11,Manchester City,3,38,21,8,9,72,44,28,71,19,13,3,3,43,23,20,42,19,8,5,6,29,21,8,29,Q,EU_CL,Etihad Stadium,Manchester
2024/25,19,4,Chelsea,4,38,20,9,9,64,43,21,69,19,12,5,2,35,18,17,41,19,8,4,7,29,25,4,28,Q,EU_CL,Stamford Bridge,London
2024/25,19,23,Newcastle United,5,38,20,6,12,68,47,21,66,19,12,2,5,40,20,20,38,19,8,4,7,28,27,1,28,Q,EU_CL,St. James' Park,Newcastle
2024/25,19,2,Aston Villa,6,38,19,9,10,58,51,7,66,19,11,7,1,34,20,14,40,19,8,2,9,24,31,-7,26,Q,EU_UC,Villa Park,Birmingham
2024/25,19,15,Nottingham Forest,7,38,19,8,11,58,46,12,65,19,9,5,5,26,16,10,32,19,10,3,6,32,30,2,33,,,The City Ground,Nottingham
2024/25,19,131,Brighton & Hove Albion,8,38,16,13,9,66,59,7,61,19,8,8,3,30,26,4,32,19,8,5,6,36,33,3,29,,,American Express Stadium,Falmer
2024/25,19,127,Bournemouth,9,38,15,11,12,58,46,12,56,19,8,4,7,23,16,7,28,19,7,7,5,35,30,5,28,,,Vitality Stadium,Bournemouth
2024/25,19,130,Brentford,10,38,16,8,14,66,57,9,56,19,9,4,6,40,35,5,31,19,7,4,8,26,22,4,25,,,Gtech Community Stadium,Brentford
2024/25,19,34,Fulham,11,38,15,9,14,54,54,0,54,19,7,5,7,27,30,-3,26,19,8,4,7,27,24,3,28,,,Craven Cottage,London
2024/25,19,6,Crystal Palace,12,38,13,14,11,51,51,0,53,19,6,7,6,24,26,-2,25,19,7,7,5,27,25,2,28,,,Selhurst Park,London
2024/25,19,7,Everton,13,38,11,15,12,42,44,-2,48,19,5,9,5,26,23,3,24,19,6,6,7,16,21,-5,24,,,Goodison Park,Liverpool
2024/25,19,25,West Ham United,14,38,11,10,17,46,62,-16,43,19,5,5,9,23,34,-11,20,19,6,5,8,23,28,-5,23,,,London Stadium,London
2024/25,19,12,Manchester United,15,38,11,9,18,44,54,-10,42,19,7,3,9,23,28,-5,24,19,4,6,9,21,26,-5,18,,,Old Trafford,Manchester
2024/25,19,38,Wolverhampton Wanderers,16,38,12,6,20,54,69,-15,42,19,6,3,10,27,32,-5,21,19,6,3,10,27,37,-10,21,,,Molineux Stadium,Wolverhampton
2024/25,19,21,Tottenham Hotspur,17,38,11,5,22,64,65,-1,38,19,6,3,10,35,35,0,21,19,5,2,12,29,30,-1,17,,,Tottenham Hotspur Stadium,London
2024/25,19,26,Leicester City,18,38,6,7,25,33,80,-47,25,19,4,3,12,15,34,-19,15,19,2,4,13,18,46,-28,10,,,King Power Stadium,Leicester
2024/25,19,8,Ipswich Town,19,38,4,10,24,36,82,-46,22,19,1,4,14,14,44,-30,7,19,3,6,10,22,38,-16,15,,,Portman Road,Ipswich
2024/25,19,20,Southampton,20,38,2,6,30,26,86,-60,12,19,1,3,15,13,47,-34,6,19,1,3,15,13,39,-26,6,,,St. Mary's Stadium,Southampton
2024/25,20,10,Liverpool,1,38,25,9,4,86,41,45,84,19,14,4,1,42,16,26,46,19,11,5,3,44,25,19,38,Q,EU_CL,Anfield,Liverpool
2024/25,20,1,Arsenal,2,38,20,14,4,69,34,35,74,19,11,6,2,35,17,18,39,19,9,8,2,34,17,17,35,Q,EU_CL,Emirates Stadium,London
2024/25,20,11,Manchester City,3,38,21,8,9,72,44,28,71,19,13,3,3,43,23,20,42,19,8,5,6,29,21,8,29,Q,EU_CL,Etihad Stadium,Manchester
2024/25,20,4,Chelsea,4,38,20,9,9,64,43,21,69,19,12,5,2,35,18,17,41,19,8,4,7,29,25,4,28,Q,EU_CL,Stamford Bridge,London
2024/25,20,23,Newcastle United,5,38,20,6,12,68,47,21,66,19,12,2,5,40,20,20,38,19,8,4,7,28,27,1,28,Q,EU_CL,St. James' Park,Newcastle
2024/25,20,2,Aston Villa,6,38,19,9,10,58,51,7,66,19,11,7,1,34,20,14,40,19,8,2,9,24,31,-7,26,Q,EU_UC,Villa Park,Birmingham
2024/25,20,15,Nottingham Forest,7,38,19,8,11,58,46,12,65,19,9,5,5,26,16,10,32,19,10,3,6,32,30,2,33,,,The City Ground,Nottingham
2024/25,20,131,Brighton & Hove Albion,8,38,16,13,9,66,59,7,61,19,8,8,3,30,26,4,32,19,8,5,6,36,33,3,29,,,American Express Stadium,Falmer
2024/25,20,127,Bournemouth,9,38,15,11,12,58,46,12,56,19,8,4,7,23,16,7,28,19,7,7,5,35,30,5,28,,,Vitality Stadium,Bournemouth
2024/25,20,130,Brentford,10,38,16,8,14,66,57,9,56,19,9,4,6,40,35,5,31,19,7,4,8,26,22,4,25,,,Gtech Community Stadium,Brentford
2024/25,20,34,Fulham,11,38,15,9,14,54,54,0,54,19,7,5,7,27,30,-3,26,19,8,4,7,27,24,3,28,,,Craven Cottage,London
2024/25,20,6,Crystal Palace,12,38,13,14,11,51,51,0,53,19,6,7,6,24,26,-2,25,19,7,7,5,27,25,2,28,,,Selhurst Park,London
2024/25,20,7,Everton,13,38,11,15,12,42,44,-2,48,19,5,9,5,26,23,3,24,19,6,6,7,16,21,-5,24,,,Goodison Park,Liverpool
2024/25,20,25,West Ham United,14,38,11,10,17,46,62,-16,43,19,5,5,9,23,34,-11,20,19,6,5,8,23,28,-5,23,,,London Stadium,London
2024/25,20,12,Manchester United,15,38,11,9,18,44,54,-10,42,19,7,3,9,23,28,-5,24,19,4,6,9,21,26,-5,18,,,Old Trafford,Manchester
2024/25,20,38,Wolverhampton Wanderers,16,38,12,6,20,54,69,-15,42,19,6,3,10,27,32,-5,21,19,6,3,10,27,37,-10,21,,,Molineux Stadium,Wolverhampton
2024/25,20,21,Tottenham Hotspur,17,38,11,5,22,64,65,-1,38,19,6,3,10,35,35,0,21,19,5,2,12,29,30,-1,17,,,Tottenham Hotspur Stadium,London
2024/25,20,26,Leicester City,18,38,6,7,25,33,80,-47,25,19,4,3,12,15,34,-19,15,19,2,4,13,18,46,-28,10,,,King Power Stadium,Leicester
2024/25,20,8,Ipswich Town,19,38,4,10,24,36,82,-46,22,19,1,4,14,14,44,-30,7,19,3,6,10,22,38,-16,15,,,Portman Road,Ipswich
2024/25,20,20,Southampton,20,38,2,6,30,26,86,-60,12,19,1,3,15,13,47,-34,6,19,1,3,15,13,39,-26,6,,,St. Mary's Stadium,Southampton
2024/25,21,10,Liverpool,1,38,25,9,4,86,41,45,84,19,14,4,1,42,16,26,46,19,11,5,3,44,25,19,38,Q,EU_CL,Anfield,Liverpool
2024/25,21,1,Arsenal,2,38,20,14,4,69,34,35,74,19,11,6,2,35,17,18,39,19,9,8,2,34,17,17,35,Q,EU_CL,Emirates Stadium,London
2024/25,21,11,Manchester City,3,38,21,8,9,72,44,28,71,19,13,3,3,43,23,20,42,19,8,5,6,29,21,8,29,Q,EU_CL,Etihad Stadium,Manchester
2024/25,21,4,Chelsea,4,38,20,9,9,64,43,21,69,19,12,5,2,35,18,17,41,19,8,4,7,29,25,4,28,Q,EU_CL,Stamford Bridge,London
2024/25,21,23,Newcastle United,5,38,20,6,12,68,47,21,66,19,12,2,5,40,20,20,38,19,8,4,7,28,27,1,28,Q,EU_CL,St. James' Park,Newcastle
2024/25,21,2,Aston Villa,6,38,19,9,10,58,51,7,66,19,11,7,1,34,20,14,40,19,8,2,9,24,31,-7,26,Q,EU_UC,Villa Park,Birmingham
2024/25,21,15,Nottingham Forest,7,38,19,8,11,58,46,12,65,19,9,5,5,26,16,10,32,19,10,3,6,32,30,2,33,,,The City Ground,Nottingham
2024/25,21,131,Brighton & Hove Albion,8,38,16,13,9,66,59,7,61,19,8,8,3,30,26,4,32,19,8,5,6,36,33,3,29,,,American Express Stadium,Falmer
2024/25,21,127,Bournemouth,9,38,15,11,12,58,46,12,56,19,8,4,7,23,16,7,28,19,7,7,5,35,30,5,28,,,Vitality Stadium,Bournemouth
2024/25,21,130,Brentford,10,38,16,8,14,66,57,9,56,19,9,4,6,40,35,5,31,19,7,4,8,26,22,4,25,,,Gtech Community Stadium,Brentford
2024/25,21,34,Fulham,11,38,15,9,14,54,54,0,54,19,7,5,7,27,30,-3,26,19,8,4,7,27,24,3,28,,,Craven Cottage,London
2024/25,21,6,Crystal Palace,12,38,13,14,11,51,51,0,53,19,6,7,6,24,26,-2,25,19,7,7,5,27,25,2,28,,,Selhurst Park,London
2024/25,21,7,Everton,13,38,11,15,12,42,44,-2,48,19,5,9,5,26,23,3,24,19,6,6,7,16,21,-5,24,,,Goodison Park,Liverpool
2024/25,21,25,West Ham United,14,38,11,10,17,46,62,-16,43,19,5,5,9,23,34,-11,20,19,6,5,8,23,28,-5,23,,,London Stadium,London
2024/25,21,12,Manchester United,15,38,11,9,18,44,54,-10,42,19,7,3,9,23,28,-5,24,19,4,6,9,21,26,-5,18,,,Old Trafford,Manchester
2024/25,21,38,Wolverhampton Wanderers,16,38,12,6,20,54,69,-15,42,19,6,3,10,27,32,-5,21,19,6,3,10,27,37,-10,21,,,Molineux Stadium,Wolverhampton
2024/25,21,21,Tottenham Hotspur,17,38,11,5,22,64,65,-1,38,19,6,3,10,35,35,0,21,19,5,2,12,29,30,-1,17,,,Tottenham Hotspur Stadium,London
2024/25,21,26,Leicester City,18,38,6,7,25,33,80,-47,25,19,4,3,12,15,34,-19,15,19,2,4,13,18,46,-28,10,,,King Power Stadium,Leicester
2024/25,21,8,Ipswich Town,19,38,4,10,24,36,82,-46,22,19,1,4,14,14,44,-30,7,19,3,6,10,22,38,-16,15,,,Portman Road,Ipswich
2024/25,21,20,Southampton,20,38,2,6,30,26,86,-60,12,19,1,3,15,13,47,-34,6,19,1,3,15,13,39,-26,6,,,St. Mary's Stadium,Southampton
2024/25,22,10,Liverpool,1,38,25,9,4,86,41,45,84,19,14,4,1,42,16,26,46,19,11,5,3,44,25,19,38,Q,EU_CL,Anfield,Liverpool
2024/25,22,1,Arsenal,2,38,20,14,4,69,34,35,74,19,11,6,2,35,17,18,39,19,9,8,2,34,17,17,35,Q,EU_CL,Emirates Stadium,London
2024/25,22,11,Manchester City,3,38,21,8,9,72,44,28,71,19,13,3,3,43,23,20,42,19,8,5,6,29,21,8,29,Q,EU_CL,Etihad Stadium,Manchester
2024/25,22,4,Chelsea,4,38,20,9,9,64,43,21,69,19,12,5,2,35,18,17,41,19,8,4,7,29,25,4,28,Q,EU_CL,Stamford Bridge,London
2024/25,22,23,Newcastle United,5,38,20,6,12,68,47,21,66,19,12,2,5,40,20,20,38,19,8,4,7,28,27,1,28,Q,EU_CL,St. James' Park,Newcastle
2024/25,22,2,Aston Villa,6,38,19,9,10,58,51,7,66,19,11,7,1,34,20,14,40,19,8,2,9,24,31,-7,26,Q,EU_UC,Villa Park,Birmingham
2024/25,22,15,Nottingham Forest,7,38,19,8,11,58,46,12,65,19,9,5,5,26,16,10,32,19,10,3,6,32,30,2,33,,,The City Ground,Nottingham
2024/25,22,131,Brighton & Hove Albion,8,38,16,13,9,66,59,7,61,19,8,8,3,30,26,4,32,19,8,5,6,36,33,3,29,,,American Express Stadium,Falmer
2024/25,22,127,Bournemouth,9,38,15,11,12,58,46,12,56,19,8,4,7,23,16,7,28,19,7,7,5,35,30,5,28,,,Vitality Stadium,Bournemouth
2024/25,22,130,Brentford,10,38,16,8,14,66,57,9,56,19,9,4,6,40,35,5,31,19,7,4,8,26,22,4,25,,,Gtech Community Stadium,Brentford
2024/25,22,34,Fulham,11,38,15,9,14,54,54,0,54,19,7,5,7,27,30,-3,26,19,8,4,7,27,24,3,28,,,Craven Cottage,London
2024/25,22,6,Crystal Palace,12,38,13,14,11,51,51,0,53,19,6,7,6,24,26,-2,25,19,7,7,5,27,25,2,28,,,Selhurst Park,London
2024/25,22,7,Everton,13,38,11,15,12,42,44,-2,48,19,5,9,5,26,23,3,24,19,6,6,7,16,21,-5,24,,,Goodison Park,Liverpool
2024/25,22,25,West Ham United,14,38,11,10,17,46,62,-16,43,19,5,5,9,23,34,-11,20,19,6,5,8,23,28,-5,23,,,London Stadium,London
2024/25,22,12,Manchester United,15,38,11,9,18,44,54,-10,42,19,7,3,9,23,28,-5,24,19,4,6,9,21,26,-5,18,,,Old Trafford,Manchester
2024/25,22,38,Wolverhampton Wanderers,16,38,12,6,20,54,69,-15,42,19,6,3,10,27,32,-5,21,19,6,3,10,27,37,-10,21,,,Molineux Stadium,Wolverhampton
2024/25,22,21,Tottenham Hotspur,17,38,11,5,22,64,65,-1,38,19,6,3,10,35,35,0,21,19,5,2,12,29,30,-1,17,,,Tottenham Hotspur Stadium,London
2024/25,22,26,Leicester City,18,38,6,7,25,33,80,-47,25,19,4,3,12,15,34,-19,15,19,2,4,13,18,46,-28,10,,,King Power Stadium,Leicester
2024/25,22,8,Ipswich Town,19,38,4,10,24,36,82,-46,22,19,1,4,14,14,44,-30,7,19,3,6,10,22,38,-16,15,,,Portman Road,Ipswich
2024/25,22,20,Southampton,20,38,2,6,30,26,86,-60,12,19,1,3,15,13,47,-34,6,19,1,3,15,13,39,-26,6,,,St. Mary's Stadium,Southampton
2024/25,23,10,Liverpool,1,38,25,9,4,86,41,45,84,19,14,4,1,42,16,26,46,19,11,5,3,44,25,19,38,Q,EU_CL,Anfield,Liverpool
2024/25,23,1,Arsenal,2,38,20,14,4,69,34,35,74,19,11,6,2,35,17,18,39,19,9,8,2,34,17,17,35,Q,EU_CL,Emirates Stadium,London
2024/25,23,11,Manchester City,3,38,21,8,9,72,44,28,71,19,13,3,3,43,23,20,42,19,8,5,6,29,21,8,29,Q,EU_CL,Etihad Stadium,Manchester
2024/25,23,4,Chelsea,4,38,20,9,9,64,43,21,69,19,12,5,2,35,18,17,41,19,8,4,7,29,25,4,28,Q,EU_CL,Stamford Bridge,London
2024/25,23,23,Newcastle United,5,38,20,6,12,68,47,21,66,19,12,2,5,40,20,20,38,19,8,4,7,28,27,1,28,Q,EU_CL,St. James' Park,Newcastle
2024/25,23,2,Aston Villa,6,38,19,9,10,58,51,7,66,19,11,7,1,34,20,14,40,19,8,2,9,24,31,-7,26,Q,EU_UC,Villa Park,Birmingham
2024/25,23,15,Nottingham Forest,7,38,19,8,11,58,46,12,65,19,9,5,5,26,16,10,32,19,10,3,6,32,30,2,33,,,The City Ground,Nottingham
2024/25,23,131,Brighton & Hove Albion,8,38,16,13,9,66,59,7,61,19,8,8,3,30,26,4,32,19,8,5,6,36,33,3,29,,,American Express Stadium,Falmer
2024/25,23,127,Bournemouth,9,38,15,11,12,58,46,12,56,19,8,4,7,23,16,7,28,19,7,7,5,35,30,5,28,,,Vitality Stadium,Bournemouth
2024/25,23,130,Brentford,10,38,16,8,14,66,57,9,56,19,9,4,6,40,35,5,31,19,7,4,8,26,22,4,25,,,Gtech Community Stadium,Brentford
2024/25,23,34,Fulham,11,38,15,9,14,54,54,0,54,19,7,5,7,27,30,-3,26,19,8,4,7,27,24,3,28,,,Craven Cottage,London
2024/25,23,6,Crystal Palace,12,38,13,14,11,51,51,0,53,19,6,7,6,24,26,-2,25,19,7,7,5,27,25,2,28,,,Selhurst Park,London
2024/25,23,7,Everton,13,38,11,15,12,42,44,-2,48,19,5,9,5,26,23,3,24,19,6,6,7,16,21,-5,24,,,Goodison Park,Liverpool
2024/25,23,25,West Ham United,14,38,11,10,17,46,62,-16,43,19,5,5,9,23,34,-11,20,19,6,5,8,23,28,-5,23,,,London Stadium,London
2024/25,23,12,Manchester United,15,38,11,9,18,44,54,-10,42,19,7,3,9,23,28,-5,24,19,4,6,9,21,26,-5,18,,,Old Trafford,Manchester
2024/25,23,38,Wolverhampton Wanderers,16,38,12,6,20,54,69,-15,42,19,6,3,10,27,32,-5,21,19,6,3,10,27,37,-10,21,,,Molineux Stadium,Wolverhampton
2024/25,23,21,Tottenham Hotspur,17,38,11,5,22,64,65,-1,38,19,6,3,10,35,35,0,21,19,5,2,12,29,30,-1,17,,,Tottenham Hotspur Stadium,London
2024/25,23,26,Leicester City,18,38,6,7,25,33,80,-47,25,19,4,3,12,15,34,-19,15,19,2,4,13,18,46,-28,10,,,King Power Stadium,Leicester
2024/25,23,8,Ipswich Town,19,38,4,10,24,36,82,-46,22,19,1,4,14,14,44,-30,7,19,3,6,10,22,38,-16,15,,,Portman Road,Ipswich
2024/25,23,20,Southampton,20,38,2,6,30,26,86,-60,12,19,1,3,15,13,47,-34,6,19,1,3,15,13,39,-26,6,,,St. Mary's Stadium,Southampton
2024/25,24,10,Liverpool,1,38,25,9,4,86,41,45,84,19,14,4,1,42,16,26,46,19,11,5,3,44,25,19,38,Q,EU_CL,Anfield,Liverpool
2024/25,24,1,Arsenal,2,38,20,14,4,69,34,35,74,19,11,6,2,35,17,18,39,19,9,8,2,34,17,17,35,Q,EU_CL,Emirates Stadium,London
2024/25,24,11,Manchester City,3,38,21,8,9,72,44,28,71,19,13,3,3,43,23,20,42,19,8,5,6,29,21,8,29,Q,EU_CL,Etihad Stadium,Manchester
2024/25,24,4,Chelsea,4,38,20,9,9,64,43,21,69,19,12,5,2,35,18,17,41,19,8,4,7,29,25,4,28,Q,EU_CL,Stamford Bridge,London
2024/25,24,23,Newcastle United,5,38,20,6,12,68,47,21,66,19,12,2,5,40,20,20,38,19,8,4,7,28,27,1,28,Q,EU_CL,St. James' Park,Newcastle
2024/25,24,2,Aston Villa,6,38,19,9,10,58,51,7,66,19,11,7,1,34,20,14,40,19,8,2,9,24,31,-7,26,Q,EU_UC,Villa Park,Birmingham
2024/25,24,15,Nottingham Forest,7,38,19,8,11,58,46,12,65,19,9,5,5,26,16,10,32,19,10,3,6,32,30,2,33,,,The City Ground,Nottingham
2024/25,24,131,Brighton & Hove Albion,8,38,16,13,9,66,59,7,61,19,8,8,3,30,26,4,32,19,8,5,6,36,33,3,29,,,American Express Stadium,Falmer
2024/25,24,127,Bournemouth,9,38,15,11,12,58,46,12,56,19,8,4,7,23,16,7,28,19,7,7,5,35,30,5,28,,,Vitality Stadium,Bournemouth
2024/25,24,130,Brentford,10,38,16,8,14,66,57,9,56,19,9,4,6,40,35,5,31,19,7,4,8,26,22,4,25,,,Gtech Community Stadium,Brentford
2024/25,24,34,Fulham,11,38,15,9,14,54,54,0,54,19,7,5,7,27,30,-3,26,19,8,4,7,27,24,3,28,,,Craven Cottage,London
2024/25,24,6,Crystal Palace,12,38,13,14,11,51,51,0,53,19,6,7,6,24,26,-2,25,19,7,7,5,27,25,2,28,,,Selhurst Park,London
2024/25,24,7,Everton,13,38,11,15,12,42,44,-2,48,19,5,9,5,26,23,3,24,19,6,6,7,16,21,-5,24,,,Goodison Park,Liverpool
2024/25,24,25,West Ham United,14,38,11,10,17,46,62,-16,43,19,5,5,9,23,34,-11,20,19,6,5,8,23,28,-5,23,,,London Stadium,London
2024/25,24,12,Manchester United,15,38,11,9,18,44,54,-10,42,19,7,3,9,23,28,-5,24,19,4,6,9,21,26,-5,18,,,Old Trafford,Manchester
2024/25,24,38,Wolverhampton Wanderers,16,38,12,6,20,54,69,-15,42,19,6,3,10,27,32,-5,21,19,6,3,10,27,37,-10,21,,,Molineux Stadium,Wolverhampton
2024/25,24,21,Tottenham Hotspur,17,38,11,5,22,64,65,-1,38,19,6,3,10,35,35,0,21,19,5,2,12,29,30,-1,17,,,Tottenham Hotspur Stadium,London
2024/25,24,26,Leicester City,18,38,6,7,25,33,80,-47,25,19,4,3,12,15,34,-19,15,19,2,4,13,18,46,-28,10,,,King Power Stadium,Leicester
2024/25,24,8,Ipswich Town,19,38,4,10,24,36,82,-46,22,19,1,4,14,14,44,-30,7,19,3,6,10,22,38,-16,15,,,Portman Road,Ipswich
2024/25,24,20,Southampton,20,38,2,6,30,26,86,-60,12,19,1,3,15,13,47,-34,6,19,1,3,15,13,39,-26,6,,,St. Mary's Stadium,Southampton
2024/25,25,10,Liverpool,1,38,25,9,4,86,41,45,84,19,14,4,1,42,16,26,46,19,11,5,3,44,25,19,38,Q,EU_CL,Anfield,Liverpool
2024/25,25,1,Arsenal,2,38,20,14,4,69,34,35,74,19,11,6,2,35,17,18,39,19,9,8,2,34,17,17,35,Q,EU_CL,Emirates Stadium,London
2024/25,25,11,Manchester City,3,38,21,8,9,72,44,28,71,19,13,3,3,43,23,20,42,19,8,5,6,29,21,8,29,Q,EU_CL,Etihad Stadium,Manchester
2024/25,25,4,Chelsea,4,38,20,9,9,64,43,21,69,19,12,5,2,35,18,17,41,19,8,4,7,29,25,4,28,Q,EU_CL,Stamford Bridge,London
2024/25,25,23,Newcastle United,5,38,20,6,12,68,47,21,66,19,12,2,5,40,20,20,38,19,8,4,7,28,27,1,28,Q,EU_CL,St. James' Park,Newcastle
2024/25,25,2,Aston Villa,6,38,19,9,10,58,51,7,66,19,11,7,1,34,20,14,40,19,8,2,9,24,31,-7,26,Q,EU_UC,Villa Park,Birmingham
2024/25,25,15,Nottingham Forest,7,38,19,8,11,58,46,12,65,19,9,5,5,26,16,10,32,19,10,3,6,32,30,2,33,,,The City Ground,Nottingham
2024/25,25,131,Brighton & Hove Albion,8,38,16,13,9,66,59,7,61,19,8,8,3,30,26,4,32,19,8,5,6,36,33,3,29,,,American Express Stadium,Falmer
2024/25,25,127,Bournemouth,9,38,15,11,12,58,46,12,56,19,8,4,7,23,16,7,28,19,7,7,5,35,30,5,28,,,Vitality Stadium,Bournemouth
2024/25,25,130,Brentford,10,38,16,8,14,66,57,9,56,19,9,4,6,40,35,5,31,19,7,4,8,26,22,4,25,,,Gtech Community Stadium,Brentford
2024/25,25,34,Fulham,11,38,15,9,14,54,54,0,54,19,7,5,7,27,30,-3,26,19,8,4,7,27,24,3,28,,,Craven Cottage,London
2024/25,25,6,Crystal Palace,12,38,13,14,11,51,51,0,53,19,6,7,6,24,26,-2,25,19,7,7,5,27,25,2,28,,,Selhurst Park,London
2024/25,25,7,Everton,13,38,11,15,12,42,44,-2,48,19,5,9,5,26,23,3,24,19,6,6,7,16,21,-5,24,,,Goodison Park,Liverpool
2024/25,25,25,West Ham United,14,38,11,10,17,46,62,-16,43,19,5,5,9,23,34,-11,20,19,6,5,8,23,28,-5,23,,,London Stadium,London
2024/25,25,12,Manchester United,15,38,11,9,18,44,54,-10,42,19,7,3,9,23,28,-5,24,19,4,6,9,21,26,-5,18,,,Old Trafford,Manchester
2024/25,25,38,Wolverhampton Wanderers,16,38,12,6,20,54,69,-15,42,19,6,3,10,27,32,-5,21,19,6,3,10,27,37,-10,21,,,Molineux Stadium,Wolverhampton
2024/25,25,21,Tottenham Hotspur,17,38,11,5,22,64,65,-1,38,19,6,3,10,35,35,0,21,19,5,2,12,29,30,-1,17,,,Tottenham Hotspur Stadium,London
2024/25,25,26,Leicester City,18,38,6,7,25,33,80,-47,25,19,4,3,12,15,34,-19,15,19,2,4,13,18,46,-28,10,,,King Power Stadium,Leicester
2024/25,25,8,Ipswich Town,19,38,4,10,24,36,82,-46,22,19,1,4,14,14,44,-30,7,19,3,6,10,22,38,-16,15,,,Portman Road,Ipswich
2024/25,25,20,Southampton,20,38,2,6,30,26,86,-60,12,19,1,3,15,13,47,-34,6,19,1,3,15,13,39,-26,6,,,St. Mary's Stadium,Southampton
2024/25,26,10,Liverpool,1,38,25,9,4,86,41,45,84,19,14,4,1,42,16,26,46,19,11,5,3,44,25,19,38,Q,EU_CL,Anfield,Liverpool
2024/25,26,1,Arsenal,2,38,20,14,4,69,34,35,74,19,11,6,2,35,17,18,39,19,9,8,2,34,17,17,35,Q,EU_CL,Emirates Stadium,London
2024/25,26,11,Manchester City,3,38,21,8,9,72,44,28,71,19,13,3,3,43,23,20,42,19,8,5,6,29,21,8,29,Q,EU_CL,Etihad Stadium,Manchester
2024/25,26,4,Chelsea,4,38,20,9,9,64,43,21,69,19,12,5,2,35,18,17,41,19,8,4,7,29,25,4,28,Q,EU_CL,Stamford Bridge,London
2024/25,26,23,Newcastle United,5,38,20,6,12,68,47,21,66,19,12,2,5,40,20,20,38,19,8,4,7,28,27,1,28,Q,EU_CL,St. James' Park,Newcastle
2024/25,26,2,Aston Villa,6,38,19,9,10,58,51,7,66,19,11,7,1,34,20,14,40,19,8,2,9,24,31,-7,26,Q,EU_UC,Villa Park,Birmingham
2024/25,26,15,Nottingham Forest,7,38,19,8,11,58,46,12,65,19,9,5,5,26,16,10,32,19,10,3,6,32,30,2,33,,,The City Ground,Nottingham
2024/25,26,131,Brighton & Hove Albion,8,38,16,13,9,66,59,7,61,19,8,8,3,30,26,4,32,19,8,5,6,36,33,3,29,,,American Express Stadium,Falmer
2024/25,26,127,Bournemouth,9,38,15,11,12,58,46,12,56,19,8,4,7,23,16,7,28,19,7,7,5,35,30,5,28,,,Vitality Stadium,Bournemouth
2024/25,26,130,Brentford,10,38,16,8,14,66,57,9,56,19,9,4,6,40,35,5,31,19,7,4,8,26,22,4,25,,,Gtech Community Stadium,Brentford
2024/25,26,34,Fulham,11,38,15,9,14,54,54,0,54,19,7,5,7,27,30,-3,26,19,8,4,7,27,24,3,28,,,Craven Cottage,London
2024/25,26,6,Crystal Palace,12,38,13,14,11,51,51,0,53,19,6,7,6,24,26,-2,25,19,7,7,5,27,25,2,28,,,Selhurst Park,London
2024/25,26,7,Everton,13,38,11,15,12,42,44,-2,48,19,5,9,5,26,23,3,24,19,6,6,7,16,21,-5,24,,,Goodison Park,Liverpool
2024/25,26,25,West Ham United,14,38,11,10,17,46,62,-16,43,19,5,5,9,23,34,-11,20,19,6,5,8,23,28,-5,23,,,London Stadium,London
2024/25,26,12,Manchester United,15,38,11,9,18,44,54,-10,42,19,7,3,9,23,28,-5,24,19,4,6,9,21,26,-5,18,,,Old Trafford,Manchester
2024/25,26,38,Wolverhampton Wanderers,16,38,12,6,20,54,69,-15,42,19,6,3,10,27,32,-5,21,19,6,3,10,27,37,-10,21,,,Molineux Stadium,Wolverhampton
2024/25,26,21,Tottenham Hotspur,17,38,11,5,22,64,65,-1,38,19,6,3,10,35,35,0,21,19,5,2,12,29,30,-1,17,,,Tottenham Hotspur Stadium,London
2024/25,26,26,Leicester City,18,38,6,7,25,33,80,-47,25,19,4,3,12,15,34,-19,15,19,2,4,13,18,46,-28,10,,,King Power Stadium,Leicester
2024/25,26,8,Ipswich Town,19,38,4,10,24,36,82,-46,22,19,1,4,14,14,44,-30,7,19,3,6,10,22,38,-16,15,,,Portman Road,Ipswich
2024/25,26,20,Southampton,20,38,2,6,30,26,86,-60,12,19,1,3,15,13,47,-34,6,19,1,3,15,13,39,-26,6,,,St. Mary's Stadium,Southampton
2024/25,27,10,Liverpool,1,38,25,9,4,86,41,45,84,19,14,4,1,42,16,26,46,19,11,5,3,44,25,19,38,Q,EU_CL,Anfield,Liverpool
2024/25,27,1,Arsenal,2,38,20,14,4,69,34,35,74,19,11,6,2,35,17,18,39,19,9,8,2,34,17,17,35,Q,EU_CL,Emirates Stadium,London
2024/25,27,11,Manchester City,3,38,21,8,9,72,44,28,71,19,13,3,3,43,23,20,42,19,8,5,6,29,21,8,29,Q,EU_CL,Etihad Stadium,Manchester
2024/25,27,4,Chelsea,4,38,20,9,9,64,43,21,69,19,12,5,2,35,18,17,41,19,8,4,7,29,25,4,28,Q,EU_CL,Stamford Bridge,London
2024/25,27,23,Newcastle United,5,38,20,6,12,68,47,21,66,19,12,2,5,40,20,20,38,19,8,4,7,28,27,1,28,Q,EU_CL,St. James' Park,Newcastle
2024/25,27,2,Aston Villa,6,38,19,9,10,58,51,7,66,19,11,7,1,34,20,14,40,19,8,2,9,24,31,-7,26,Q,EU_UC,Villa Park,Birmingham
2024/25,27,15,Nottingham Forest,7,38,19,8,11,58,46,12,65,19,9,5,5,26,16,10,32,19,10,3,6,32,30,2,33,,,The City Ground,Nottingham
2024/25,27,131,Brighton & Hove Albion,8,38,16,13,9,66,59,7,61,19,8,8,3,30,26,4,32,19,8,5,6,36,33,3,29,,,American Express Stadium,Falmer
2024/25,27,127,Bournemouth,9,38,15,11,12,58,46,12,56,19,8,4,7,23,16,7,28,19,7,7,5,35,30,5,28,,,Vitality Stadium,Bournemouth
2024/25,27,130,Brentford,10,38,16,8,14,66,57,9,56,19,9,4,6,40,35,5,31,19,7,4,8,26,22,4,25,,,Gtech Community Stadium,Brentford
2024/25,27,34,Fulham,11,38,15,9,14,54,54,0,54,19,7,5,7,27,30,-3,26,19,8,4,7,27,24,3,28,,,Craven Cottage,London
2024/25,27,6,Crystal Palace,12,38,13,14,11,51,51,0,53,19,6,7,6,24,26,-2,25,19,7,7,5,27,25,2,28,,,Selhurst Park,London
2024/25,27,7,Everton,13,38,11,15,12,42,44,-2,48,19,5,9,5,26,23,3,24,19,6,6,7,16,21,-5,24,,,Goodison Park,Liverpool
2024/25,27,25,West Ham United,14,38,11,10,17,46,62,-16,43,19,5,5,9,23,34,-11,20,19,6,5,8,23,28,-5,23,,,London Stadium,London
2024/25,27,12,Manchester United,15,38,11,9,18,44,54,-10,42,19,7,3,9,23,28,-5,24,19,4,6,9,21,26,-5,18,,,Old Trafford,Manchester
2024/25,27,38,Wolverhampton Wanderers,16,38,12,6,20,54,69,-15,42,19,6,3,10,27,32,-5,21,19,6,3,10,27,37,-10,21,,,Molineux Stadium,Wolverhampton
2024/25,27,21,Tottenham Hotspur,17,38,11,5,22,64,65,-1,38,19,6,3,10,35,35,0,21,19,5,2,12,29,30,-1,17,,,Tottenham Hotspur Stadium,London
2024/25,27,26,Leicester City,18,38,6,7,25,33,80,-47,25,19,4,3,12,15,34,-19,15,19,2,4,13,18,46,-28,10,,,King Power Stadium,Leicester
2024/25,27,8,Ipswich Town,19,38,4,10,24,36,82,-46,22,19,1,4,14,14,44,-30,7,19,3,6,10,22,38,-16,15,,,Portman Road,Ipswich
2024/25,27,20,Southampton,20,38,2,6,30,26,86,-60,12,19,1,3,15,13,47,-34,6,19,1,3,15,13,39,-26,6,,,St. Mary's Stadium,Southampton
2024/25,28,10,Liverpool,1,38,25,9,4,86,41,45,84,19,14,4,1,42,16,26,46,19,11,5,3,44,25,19,38,Q,EU_CL,Anfield,Liverpool
2024/25,28,1,Arsenal,2,38,20,14,4,69,34,35,74,19,11,6,2,35,17,18,39,19,9,8,2,34,17,17,35,Q,EU_CL,Emirates Stadium,London
2024/25,28,11,Manchester City,3,38,21,8,9,72,44,28,71,19,13,3,3,43,23,20,42,19,8,5,6,29,21,8,29,Q,EU_CL,Etihad Stadium,Manchester
2024/25,28,4,Chelsea,4,38,20,9,9,64,43,21,69,19,12,5,2,35,18,17,41,19,8,4,7,29,25,4,28,Q,EU_CL,Stamford Bridge,London
2024/25,28,23,Newcastle United,5,38,20,6,12,68,47,21,66,19,12,2,5,40,20,20,38,19,8,4,7,28,27,1,28,Q,EU_CL,St. James' Park,Newcastle
2024/25,28,2,Aston Villa,6,38,19,9,10,58,51,7,66,19,11,7,1,34,20,14,40,19,8,2,9,24,31,-7,26,Q,EU_UC,Villa Park,Birmingham
2024/25,28,15,Nottingham Forest,7,38,19,8,11,58,46,12,65,19,9,5,5,26,16,10,32,19,10,3,6,32,30,2,33,,,The City Ground,Nottingham
2024/25,28,131,Brighton & Hove Albion,8,38,16,13,9,66,59,7,61,19,8,8,3,30,26,4,32,19,8,5,6,36,33,3,29,,,American Express Stadium,Falmer
2024/25,28,127,Bournemouth,9,38,15,11,12,58,46,12,56,19,8,4,7,23,16,7,28,19,7,7,5,35,30,5,28,,,Vitality Stadium,Bournemouth
2024/25,28,130,Brentford,10,38,16,8,14,66,57,9,56,19,9,4,6,40,35,5,31,19,7,4,8,26,22,4,25,,,Gtech Community Stadium,Brentford
2024/25,28,34,Fulham,11,38,15,9,14,54,54,0,54,19,7,5,7,27,30,-3,26,19,8,4,7,27,24,3,28,,,Craven Cottage,London
2024/25,28,6,Crystal Palace,12,38,13,14,11,51,51,0,53,19,6,7,6,24,26,-2,25,19,7,7,5,27,25,2,28,,,Selhurst Park,London
2024/25,28,7,Everton,13,38,11,15,12,42,44,-2,48,19,5,9,5,26,23,3,24,19,6,6,7,16,21,-5,24,,,Goodison Park,Liverpool
2024/25,28,25,West Ham United,14,38,11,10,17,46,62,-16,43,19,5,5,9,23,34,-11,20,19,6,5,8,23,28,-5,23,,,London Stadium,London
2024/25,28,12,Manchester United,15,38,11,9,18,44,54,-10,42,19,7,3,9,23,28,-5,24,19,4,6,9,21,26,-5,18,,,Old Trafford,Manchester
2024/25,28,38,Wolverhampton Wanderers,16,38,12,6,20,54,69,-15,42,19,6,3,10,27,32,-5,21,19,6,3,10,27,37,-10,21,,,Molineux Stadium,Wolverhampton
2024/25,28,21,Tottenham Hotspur,17,38,11,5,22,64,65,-1,38,19,6,3,10,35,35,0,21,19,5,2,12,29,30,-1,17,,,Tottenham Hotspur Stadium,London
2024/25,28,26,Leicester City,18,38,6,7,25,33,80,-47,25,19,4,3,12,15,34,-19,15,19,2,4,13,18,46,-28,10,,,King Power Stadium,Leicester
2024/25,28,8,Ipswich Town,19,38,4,10,24,36,82,-46,22,19,1,4,14,14,44,-30,7,19,3,6,10,22,38,-16,15,,,Portman Road,Ipswich
2024/25,28,20,Southampton,20,38,2,6,30,26,86,-60,12,19,1,3,15,13,47,-34,6,19,1,3,15,13,39,-26,6,,,St. Mary's Stadium,Southampton
2024/25,29,10,Liverpool,1,38,25,9,4,86,41,45,84,19,14,4,1,42,16,26,46,19,11,5,3,44,25,19,38,Q,EU_CL,Anfield,Liverpool
2024/25,29,1,Arsenal,2,38,20,14,4,69,34,35,74,19,11,6,2,35,17,18,39,19,9,8,2,34,17,17,35,Q,EU_CL,Emirates Stadium,London
2024/25,29,11,Manchester City,3,38,21,8,9,72,44,28,71,19,13,3,3,43,23,20,42,19,8,5,6,29,21,8,29,Q,EU_CL,Etihad Stadium,Manchester
2024/25,29,4,Chelsea,4,38,20,9,9,64,43,21,69,19,12,5,2,35,18,17,41,19,8,4,7,29,25,4,28,Q,EU_CL,Stamford Bridge,London
2024/25,29,23,Newcastle United,5,38,20,6,12,68,47,21,66,19,12,2,5,40,20,20,38,19,8,4,7,28,27,1,28,Q,EU_CL,St. James' Park,Newcastle
2024/25,29,2,Aston Villa,6,38,19,9,10,58,51,7,66,19,11,7,1,34,20,14,40,19,8,2,9,24,31,-7,26,Q,EU_UC,Villa Park,Birmingham
2024/25,29,15,Nottingham Forest,7,38,19,8,11,58,46,12,65,19,9,5,5,26,16,10,32,19,10,3,6,32,30,2,33,,,The City Ground,Nottingham
2024/25,29,131,Brighton & Hove Albion,8,38,16,13,9,66,59,7,61,19,8,8,3,30,26,4,32,19,8,5,6,36,33,3,29,,,American Express Stadium,Falmer
2024/25,29,127,Bournemouth,9,38,15,11,12,58,46,12,56,19,8,4,7,23,16,7,28,19,7,7,5,35,30,5,28,,,Vitality Stadium,Bournemouth
2024/25,29,130,Brentford,10,38,16,8,14,66,57,9,56,19,9,4,6,40,35,5,31,19,7,4,8,26,22,4,25,,,Gtech Community Stadium,Brentford
2024/25,29,34,Fulham,11,38,15,9,14,54,54,0,54,19,7,5,7,27,30,-3,26,19,8,4,7,27,24,3,28,,,Craven Cottage,London
2024/25,29,6,Crystal Palace,12,38,13,14,11,51,51,0,53,19,6,7,6,24,26,-2,25,19,7,7,5,27,25,2,28,,,Selhurst Park,London
2024/25,29,7,Everton,13,38,11,15,12,42,44,-2,48,19,5,9,5,26,23,3,24,19,6,6,7,16,21,-5,24,,,Goodison Park,Liverpool
2024/25,29,25,West Ham United,14,38,11,10,17,46,62,-16,43,19,5,5,9,23,34,-11,20,19,6,5,8,23,28,-5,23,,,London Stadium,London
2024/25,29,12,Manchester United,15,38,11,9,18,44,54,-10,42,19,7,3,9,23,28,-5,24,19,4,6,9,21,26,-5,18,,,Old Trafford,Manchester
2024/25,29,38,Wolverhampton Wanderers,16,38,12,6,20,54,69,-15,42,19,6,3,10,27,32,-5,21,19,6,3,10,27,37,-10,21,,,Molineux Stadium,Wolverhampton
2024/25,29,21,Tottenham Hotspur,17,38,11,5,22,64,65,-1,38,19,6,3,10,35,35,0,21,19,5,2,12,29,30,-1,17,,,Tottenham Hotspur Stadium,London
2024/25,29,26,Leicester City,18,38,6,7,25,33,80,-47,25,19,4,3,12,15,34,-19,15,19,2,4,13,18,46,-28,10,,,King Power Stadium,Leicester
2024/25,29,8,Ipswich Town,19,38,4,10,24,36,82,-46,22,19,1,4,14,14,44,-30,7,19,3,6,10,22,38,-16,15,,,Portman Road,Ipswich
2024/25,29,20,Southampton,20,38,2,6,30,26,86,-60,12,19,1,3,15,13,47,-34,6,19,1,3,15,13,39,-26,6,,,St. Mary's Stadium,Southampton
2024/25,30,10,Liverpool,1,38,25,9,4,86,41,45,84,19,14,4,1,42,16,26,46,19,11,5,3,44,25,19,38,Q,EU_CL,Anfield,Liverpool
2024/25,30,1,Arsenal,2,38,20,14,4,69,34,35,74,19,11,6,2,35,17,18,39,19,9,8,2,34,17,17,35,Q,EU_CL,Emirates Stadium,London
2024/25,30,11,Manchester City,3,38,21,8,9,72,44,28,71,19,13,3,3,43,23,20,42,19,8,5,6,29,21,8,29,Q,EU_CL,Etihad Stadium,Manchester
2024/25,30,4,Chelsea,4,38,20,9,9,64,43,21,69,19,12,5,2,35,18,17,41,19,8,4,7,29,25,4,28,Q,EU_CL,Stamford Bridge,London
2024/25,30,23,Newcastle United,5,38,20,6,12,68,47,21,66,19,12,2,5,40,20,20,38,19,8,4,7,28,27,1,28,Q,EU_CL,St. James' Park,Newcastle
2024/25,30,2,Aston Villa,6,38,19,9,10,58,51,7,66,19,11,7,1,34,20,14,40,19,8,2,9,24,31,-7,26,Q,EU_UC,Villa Park,Birmingham
2024/25,30,15,Nottingham Forest,7,38,19,8,11,58,46,12,65,19,9,5,5,26,16,10,32,19,10,3,6,32,30,2,33,,,The City Ground,Nottingham
2024/25,30,131,Brighton & Hove Albion,8,38,16,13,9,66,59,7,61,19,8,8,3,30,26,4,32,19,8,5,6,36,33,3,29,,,American Express Stadium,Falmer
2024/25,30,127,Bournemouth,9,38,15,11,12,58,46,12,56,19,8,4,7,23,16,7,28,19,7,7,5,35,30,5,28,,,Vitality Stadium,Bournemouth
2024/25,30,130,Brentford,10,38,16,8,14,66,57,9,56,19,9,4,6,40,35,5,31,19,7,4,8,26,22,4,25,,,Gtech Community Stadium,Brentford
2024/25,30,34,Fulham,11,38,15,9,14,54,54,0,54,19,7,5,7,27,30,-3,26,19,8,4,7,27,24,3,28,,,Craven Cottage,London
2024/25,30,6,Crystal Palace,12,38,13,14,11,51,51,0,53,19,6,7,6,24,26,-2,25,19,7,7,5,27,25,2,28,,,Selhurst Park,London
2024/25,30,7,Everton,13,38,11,15,12,42,44,-2,48,19,5,9,5,26,23,3,24,19,6,6,7,16,21,-5,24,,,Goodison Park,Liverpool
2024/25,30,25,West Ham United,14,38,11,10,17,46,62,-16,43,19,5,5,9,23,34,-11,20,19,6,5,8,23,28,-5,23,,,London Stadium,London
2024/25,30,12,Manchester United,15,38,11,9,18,44,54,-10,42,19,7,3,9,23,28,-5,24,19,4,6,9,21,26,-5,18,,,Old Trafford,Manchester
2024/25,30,38,Wolverhampton Wanderers,16,38,12,6,20,54,69,-15,42,19,6,3,10,27,32,-5,21,19,6,3,10,27,37,-10,21,,,Molineux Stadium,Wolverhampton
2024/25,30,21,Tottenham Hotspur,17,38,11,5,22,64,65,-1,38,19,6,3,10,35,35,0,21,19,5,2,12,29,30,-1,17,,,Tottenham Hotspur Stadium,London
2024/25,30,26,Leicester City,18,38,6,7,25,33,80,-47,25,19,4,3,12,15,34,-19,15,19,2,4,13,18,46,-28,10,,,King Power Stadium,Leicester
2024/25,30,8,Ipswich Town,19,38,4,10,24,36,82,-46,22,19,1,4,14,14,44,-30,7,19,3,6,10,22,38,-16,15,,,Portman Road,Ipswich
2024/25,30,20,Southampton,20,38,2,6,30,26,86,-60,12,19,1,3,15,13,47,-34,6,19,1,3,15,13,39,-26,6,,,St. Mary's Stadium,Southampton
2024/25,31,10,Liverpool,1,38,25,9,4,86,41,45,84,19,14,4,1,42,16,26,46,19,11,5,3,44,25,19,38,Q,EU_CL,Anfield,Liverpool
2024/25,31,1,Arsenal,2,38,20,14,4,69,34,35,74,19,11,6,2,35,17,18,39,19,9,8,2,34,17,17,35,Q,EU_CL,Emirates Stadium,London
2024/25,31,11,Manchester City,3,38,21,8,9,72,44,28,71,19,13,3,3,43,23,20,42,19,8,5,6,29,21,8,29,Q,EU_CL,Etihad Stadium,Manchester
2024/25,31,4,Chelsea,4,38,20,9,9,64,43,21,69,19,12,5,2,35,18,17,41,19,8,4,7,29,25,4,28,Q,EU_CL,Stamford Bridge,London
2024/25,31,23,Newcastle United,5,38,20,6,12,68,47,21,66,19,12,2,5,40,20,20,38,19,8,4,7,28,27,1,28,Q,EU_CL,St. James' Park,Newcastle
2024/25,31,2,Aston Villa,6,38,19,9,10,58,51,7,66,19,11,7,1,34,20,14,40,19,8,2,9,24,31,-7,26,Q,EU_UC,Villa Park,Birmingham
2024/25,31,15,Nottingham Forest,7,38,19,8,11,58,46,12,65,19,9,5,5,26,16,10,32,19,10,3,6,32,30,2,33,,,The City Ground,Nottingham
2024/25,31,131,Brighton & Hove Albion,8,38,16,13,9,66,59,7,61,19,8,8,3,30,26,4,32,19,8,5,6,36,33,3,29,,,American Express Stadium,Falmer
2024/25,31,127,Bournemouth,9,38,15,11,12,58,46,12,56,19,8,4,7,23,16,7,28,19,7,7,5,35,30,5,28,,,Vitality Stadium,Bournemouth
2024/25,31,130,Brentford,10,38,16,8,14,66,57,9,56,19,9,4,6,40,35,5,31,19,7,4,8,26,22,4,25,,,Gtech Community Stadium,Brentford
2024/25,31,34,Fulham,11,38,15,9,14,54,54,0,54,19,7,5,7,27,30,-3,26,19,8,4,7,27,24,3,28,,,Craven Cottage,London
2024/25,31,6,Crystal Palace,12,38,13,14,11,51,51,0,53,19,6,7,6,24,26,-2,25,19,7,7,5,27,25,2,28,,,Selhurst Park,London
2024/25,31,7,Everton,13,38,11,15,12,42,44,-2,48,19,5,9,5,26,23,3,24,19,6,6,7,16,21,-5,24,,,Goodison Park,Liverpool
2024/25,31,25,West Ham United,14,38,11,10,17,46,62,-16,43,19,5,5,9,23,34,-11,20,19,6,5,8,23,28,-5,23,,,London Stadium,London
2024/25,31,12,Manchester United,15,38,11,9,18,44,54,-10,42,19,7,3,9,23,28,-5,24,19,4,6,9,21,26,-5,18,,,Old Trafford,Manchester
2024/25,31,38,Wolverhampton Wanderers,16,38,12,6,20,54,69,-15,42,19,6,3,10,27,32,-5,21,19,6,3,10,27,37,-10,21,,,Molineux Stadium,Wolverhampton
2024/25,31,21,Tottenham Hotspur,17,38,11,5,22,64,65,-1,38,19,6,3,10,35,35,0,21,19,5,2,12,29,30,-1,17,,,Tottenham Hotspur Stadium,London
2024/25,31,26,Leicester City,18,38,6,7,25,33,80,-47,25,19,4,3,12,15,34,-19,15,19,2,4,13,18,46,-28,10,,,King Power Stadium,Leicester
2024/25,31,8,Ipswich Town,19,38,4,10,24,36,82,-46,22,19,1,4,14,14,44,-30,7,19,3,6,10,22,38,-16,15,,,Portman Road,Ipswich
2024/25,31,20,Southampton,20,38,2,6,30,26,86,-60,12,19,1,3,15,13,47,-34,6,19,1,3,15,13,39,-26,6,,,St. Mary's Stadium,Southampton
2024/25,32,10,Liverpool,1,38,25,9,4,86,41,45,84,19,14,4,1,42,16,26,46,19,11,5,3,44,25,19,38,Q,EU_CL,Anfield,Liverpool
2024/25,32,1,Arsenal,2,38,20,14,4,69,34,35,74,19,11,6,2,35,17,18,39,19,9,8,2,34,17,17,35,Q,EU_CL,Emirates Stadium,London
2024/25,32,11,Manchester City,3,38,21,8,9,72,44,28,71,19,13,3,3,43,23,20,42,19,8,5,6,29,21,8,29,Q,EU_CL,Etihad Stadium,Manchester
2024/25,32,4,Chelsea,4,38,20,9,9,64,43,21,69,19,12,5,2,35,18,17,41,19,8,4,7,29,25,4,28,Q,EU_CL,Stamford Bridge,London
2024/25,32,23,Newcastle United,5,38,20,6,12,68,47,21,66,19,12,2,5,40,20,20,38,19,8,4,7,28,27,1,28,Q,EU_CL,St. James' Park,Newcastle
2024/25,32,2,Aston Villa,6,38,19,9,10,58,51,7,66,19,11,7,1,34,20,14,40,19,8,2,9,24,31,-7,26,Q,EU_UC,Villa Park,Birmingham
2024/25,32,15,Nottingham Forest,7,38,19,8,11,58,46,12,65,19,9,5,5,26,16,10,32,19,10,3,6,32,30,2,33,,,The City Ground,Nottingham
2024/25,32,131,Brighton & Hove Albion,8,38,16,13,9,66,59,7,61,19,8,8,3,30,26,4,32,19,8,5,6,36,33,3,29,,,American Express Stadium,Falmer
2024/25,32,127,Bournemouth,9,38,15,11,12,58,46,12,56,19,8,4,7,23,16,7,28,19,7,7,5,35,30,5,28,,,Vitality Stadium,Bournemouth
2024/25,32,130,Brentford,10,38,16,8,14,66,57,9,56,19,9,4,6,40,35,5,31,19,7,4,8,26,22,4,25,,,Gtech Community Stadium,Brentford
2024/25,32,34,Fulham,11,38,15,9,14,54,54,0,54,19,7,5,7,27,30,-3,26,19,8,4,7,27,24,3,28,,,Craven Cottage,London
2024/25,32,6,Crystal Palace,12,38,13,14,11,51,51,0,53,19,6,7,6,24,26,-2,25,19,7,7,5,27,25,2,28,,,Selhurst Park,London
2024/25,32,7,Everton,13,38,11,15,12,42,44,-2,48,19,5,9,5,26,23,3,24,19,6,6,7,16,21,-5,24,,,Goodison Park,Liverpool
2024/25,32,25,West Ham United,14,38,11,10,17,46,62,-16,43,19,5,5,9,23,34,-11,20,19,6,5,8,23,28,-5,23,,,London Stadium,London
2024/25,32,12,Manchester United,15,38,11,9,18,44,54,-10,42,19,7,3,9,23,28,-5,24,19,4,6,9,21,26,-5,18,,,Old Trafford,Manchester
2024/25,32,38,Wolverhampton Wanderers,16,38,12,6,20,54,69,-15,42,19,6,3,10,27,32,-5,21,19,6,3,10,27,37,-10,21,,,Molineux Stadium,Wolverhampton
2024/25,32,21,Tottenham Hotspur,17,38,11,5,22,64,65,-1,38,19,6,3,10,35,35,0,21,19,5,2,12,29,30,-1,17,,,Tottenham Hotspur Stadium,London
2024/25,32,26,Leicester City,18,38,6,7,25,33,80,-47,25,19,4,3,12,15,34,-19,15,19,2,4,13,18,46,-28,10,,,King Power Stadium,Leicester
2024/25,32,8,Ipswich Town,19,38,4,10,24,36,82,-46,22,19,1,4,14,14,44,-30,7,19,3,6,10,22,38,-16,15,,,Portman Road,Ipswich
2024/25,32,20,Southampton,20,38,2,6,30,26,86,-60,12,19,1,3,15,13,47,-34,6,19,1,3,15,13,39,-26,6,,,St. Mary's Stadium,Southampton
2024/25,33,10,Liverpool,1,38,25,9,4,86,41,45,84,19,14,4,1,42,16,26,46,19,11,5,3,44,25,19,38,Q,EU_CL,Anfield,Liverpool
2024/25,33,1,Arsenal,2,38,20,14,4,69,34,35,74,19,11,6,2,35,17,18,39,19,9,8,2,34,17,17,35,Q,EU_CL,Emirates Stadium,London
2024/25,33,11,Manchester City,3,38,21,8,9,72,44,28,71,19,13,3,3,43,23,20,42,19,8,5,6,29,21,8,29,Q,EU_CL,Etihad Stadium,Manchester
2024/25,33,4,Chelsea,4,38,20,9,9,64,43,21,69,19,12,5,2,35,18,17,41,19,8,4,7,29,25,4,28,Q,EU_CL,Stamford Bridge,London
2024/25,33,23,Newcastle United,5,38,20,6,12,68,47,21,66,19,12,2,5,40,20,20,38,19,8,4,7,28,27,1,28,Q,EU_CL,St. James' Park,Newcastle
2024/25,33,2,Aston Villa,6,38,19,9,10,58,51,7,66,19,11,7,1,34,20,14,40,19,8,2,9,24,31,-7,26,Q,EU_UC,Villa Park,Birmingham
2024/25,33,15,Nottingham Forest,7,38,19,8,11,58,46,12,65,19,9,5,5,26,16,10,32,19,10,3,6,32,30,2,33,,,The City Ground,Nottingham
2024/25,33,131,Brighton & Hove Albion,8,38,16,13,9,66,59,7,61,19,8,8,3,30,26,4,32,19,8,5,6,36,33,3,29,,,American Express Stadium,Falmer
2024/25,33,127,Bournemouth,9,38,15,11,12,58,46,12,56,19,8,4,7,23,16,7,28,19,7,7,5,35,30,5,28,,,Vitality Stadium,Bournemouth
2024/25,33,130,Brentford,10,38,16,8,14,66,57,9,56,19,9,4,6,40,35,5,31,19,7,4,8,26,22,4,25,,,Gtech Community Stadium,Brentford
2024/25,33,34,Fulham,11,38,15,9,14,54,54,0,54,19,7,5,7,27,30,-3,26,19,8,4,7,27,24,3,28,,,Craven Cottage,London
2024/25,33,6,Crystal Palace,12,38,13,14,11,51,51,0,53,19,6,7,6,24,26,-2,25,19,7,7,5,27,25,2,28,,,Selhurst Park,London
2024/25,33,7,Everton,13,38,11,15,12,42,44,-2,48,19,5,9,5,26,23,3,24,19,6,6,7,16,21,-5,24,,,Goodison Park,Liverpool
2024/25,33,25,West Ham United,14,38,11,10,17,46,62,-16,43,19,5,5,9,23,34,-11,20,19,6,5,8,23,28,-5,23,,,London Stadium,London
2024/25,33,12,Manchester United,15,38,11,9,18,44,54,-10,42,19,7,3,9,23,28,-5,24,19,4,6,9,21,26,-5,18,,,Old Trafford,Manchester
2024/25,33,38,Wolverhampton Wanderers,16,38,12,6,20,54,69,-15,42,19,6,3,10,27,32,-5,21,19,6,3,10,27,37,-10,21,,,Molineux Stadium,Wolverhampton
2024/25,33,21,Tottenham Hotspur,17,38,11,5,22,64,65,-1,38,19,6,3,10,35,35,0,21,19,5,2,12,29,30,-1,17,,,Tottenham Hotspur Stadium,London
2024/25,33,26,Leicester City,18,38,6,7,25,33,80,-47,25,19,4,3,12,15,34,-19,15,19,2,4,13,18,46,-28,10,,,King Power Stadium,Leicester
2024/25,33,8,Ipswich Town,19,38,4,10,24,36,82,-46,22,19,1,4,14,14,44,-30,7,19,3,6,10,22,38,-16,15,,,Portman Road,Ipswich
2024/25,33,20,Southampton,20,38,2,6,30,26,86,-60,12,19,1,3,15,13,47,-34,6,19,1,3,15,13,39,-26,6,,,St. Mary's Stadium,Southampton
2024/25,34,10,Liverpool,1,38,25,9,4,86,41,45,84,19,14,4,1,42,16,26,46,19,11,5,3,44,25,19,38,Q,EU_CL,Anfield,Liverpool
2024/25,34,1,Arsenal,2,38,20,14,4,69,34,35,74,19,11,6,2,35,17,18,39,19,9,8,2,34,17,17,35,Q,EU_CL,Emirates Stadium,London
2024/25,34,11,Manchester City,3,38,21,8,9,72,44,28,71,19,13,3,3,43,23,20,42,19,8,5,6,29,21,8,29,Q,EU_CL,Etihad Stadium,Manchester
2024/25,34,4,Chelsea,4,38,20,9,9,64,43,21,69,19,12,5,2,35,18,17,41,19,8,4,7,29,25,4,28,Q,EU_CL,Stamford Bridge,London
2024/25,34,23,Newcastle United,5,38,20,6,12,68,47,21,66,19,12,2,5,40,20,20,38,19,8,4,7,28,27,1,28,Q,EU_CL,St. James' Park,Newcastle
2024/25,34,2,Aston Villa,6,38,19,9,10,58,51,7,66,19,11,7,1,34,20,14,40,19,8,2,9,24,31,-7,26,Q,EU_UC,Villa Park,Birmingham
2024/25,34,15,Nottingham Forest,7,38,19,8,11,58,46,12,65,19,9,5,5,26,16,10,32,19,10,3,6,32,30,2,33,,,The City Ground,Nottingham
2024/25,34,131,Brighton & Hove Albion,8,38,16,13,9,66,59,7,61,19,8,8,3,30,26,4,32,19,8,5,6,36,33,3,29,,,American Express Stadium,Falmer
2024/25,34,127,Bournemouth,9,38,15,11,12,58,46,12,56,19,8,4,7,23,16,7,28,19,7,7,5,35,30,5,28,,,Vitality Stadium,Bournemouth
2024/25,34,130,Brentford,10,38,16,8,14,66,57,9,56,19,9,4,6,40,35,5,31,19,7,4,8,26,22,4,25,,,Gtech Community Stadium,Brentford
2024/25,34,34,Fulham,11,38,15,9,14,54,54,0,54,19,7,5,7,27,30,-3,26,19,8,4,7,27,24,3,28,,,Craven Cottage,London
2024/25,34,6,Crystal Palace,12,38,13,14,11,51,51,0,53,19,6,7,6,24,26,-2,25,19,7,7,5,27,25,2,28,,,Selhurst Park,London
2024/25,34,7,Everton,13,38,11,15,12,42,44,-2,48,19,5,9,5,26,23,3,24,19,6,6,7,16,21,-5,24,,,Goodison Park,Liverpool
2024/25,34,25,West Ham United,14,38,11,10,17,46,62,-16,43,19,5,5,9,23,34,-11,20,19,6,5,8,23,28,-5,23,,,London Stadium,London
2024/25,34,12,Manchester United,15,38,11,9,18,44,54,-10,42,19,7,3,9,23,28,-5,24,19,4,6,9,21,26,-5,18,,,Old Trafford,Manchester
2024/25,34,38,Wolverhampton Wanderers,16,38,12,6,20,54,69,-15,42,19,6,3,10,27,32,-5,21,19,6,3,10,27,37,-10,21,,,Molineux Stadium,Wolverhampton
2024/25,34,21,Tottenham Hotspur,17,38,11,5,22,64,65,-1,38,19,6,3,10,35,35,0,21,19,5,2,12,29,30,-1,17,,,Tottenham Hotspur Stadium,London
2024/25,34,26,Leicester City,18,38,6,7,25,33,80,-47,25,19,4,3,12,15,34,-19,15,19,2,4,13,18,46,-28,10,,,King Power Stadium,Leicester
2024/25,34,8,Ipswich Town,19,38,4,10,24,36,82,-46,22,19,1,4,14,14,44,-30,7,19,3,6,10,22,38,-16,15,,,Portman Road,Ipswich
2024/25,34,20,Southampton,20,38,2,6,30,26,86,-60,12,19,1,3,15,13,47,-34,6,19,1,3,15,13,39,-26,6,,,St. Mary's Stadium,Southampton
2024/25,35,10,Liverpool,1,38,25,9,4,86,41,45,84,19,14,4,1,42,16,26,46,19,11,5,3,44,25,19,38,Q,EU_CL,Anfield,Liverpool
2024/25,35,1,Arsenal,2,38,20,14,4,69,34,35,74,19,11,6,2,35,17,18,39,19,9,8,2,34,17,17,35,Q,EU_CL,Emirates Stadium,London
2024/25,35,11,Manchester City,3,38,21,8,9,72,44,28,71,19,13,3,3,43,23,20,42,19,8,5,6,29,21,8,29,Q,EU_CL,Etihad Stadium,Manchester
2024/25,35,4,Chelsea,4,38,20,9,9,64,43,21,69,19,12,5,2,35,18,17,41,19,8,4,7,29,25,4,28,Q,EU_CL,Stamford Bridge,London
2024/25,35,23,Newcastle United,5,38,20,6,12,68,47,21,66,19,12,2,5,40,20,20,38,19,8,4,7,28,27,1,28,Q,EU_CL,St. James' Park,Newcastle
2024/25,35,2,Aston Villa,6,38,19,9,10,58,51,7,66,19,11,7,1,34,20,14,40,19,8,2,9,24,31,-7,26,Q,EU_UC,Villa Park,Birmingham
2024/25,35,15,Nottingham Forest,7,38,19,8,11,58,46,12,65,19,9,5,5,26,16,10,32,19,10,3,6,32,30,2,33,,,The City Ground,Nottingham
2024/25,35,131,Brighton & Hove Albion,8,38,16,13,9,66,59,7,61,19,8,8,3,30,26,4,32,19,8,5,6,36,33,3,29,,,American Express Stadium,Falmer
2024/25,35,127,Bournemouth,9,38,15,11,12,58,46,12,56,19,8,4,7,23,16,7,28,19,7,7,5,35,30,5,28,,,Vitality Stadium,Bournemouth
2024/25,35,130,Brentford,10,38,16,8,14,66,57,9,56,19,9,4,6,40,35,5,31,19,7,4,8,26,22,4,25,,,Gtech Community Stadium,Brentford
2024/25,35,34,Fulham,11,38,15,9,14,54,54,0,54,19,7,5,7,27,30,-3,26,19,8,4,7,27,24,3,28,,,Craven Cottage,London
2024/25,35,6,Crystal Palace,12,38,13,14,11,51,51,0,53,19,6,7,6,24,26,-2,25,19,7,7,5,27,25,2,28,,,Selhurst Park,London
2024/25,35,7,Everton,13,38,11,15,12,42,44,-2,48,19,5,9,5,26,23,3,24,19,6,6,7,16,21,-5,24,,,Goodison Park,Liverpool
2024/25,35,25,West Ham United,14,38,11,10,17,46,62,-16,43,19,5,5,9,23,34,-11,20,19,6,5,8,23,28,-5,23,,,London Stadium,London
2024/25,35,12,Manchester United,15,38,11,9,18,44,54,-10,42,19,7,3,9,23,28,-5,24,19,4,6,9,21,26,-5,18,,,Old Trafford,Manchester
2024/25,35,38,Wolverhampton Wanderers,16,38,12,6,20,54,69,-15,42,19,6,3,10,27,32,-5,21,19,6,3,10,27,37,-10,21,,,Molineux Stadium,Wolverhampton
2024/25,35,21,Tottenham Hotspur,17,38,11,5,22,64,65,-1,38,19,6,3,10,35,35,0,21,19,5,2,12,29,30,-1,17,,,Tottenham Hotspur Stadium,London
2024/25,35,26,Leicester City,18,38,6,7,25,33,80,-47,25,19,4,3,12,15,34,-19,15,19,2,4,13,18,46,-28,10,,,King Power Stadium,Leicester
2024/25,35,8,Ipswich Town,19,38,4,10,24,36,82,-46,22,19,1,4,14,14,44,-30,7,19,3,6,10,22,38,-16,15,,,Portman Road,Ipswich
2024/25,35,20,Southampton,20,38,2,6,30,26,86,-60,12,19,1,3,15,13,47,-34,6,19,1,3,15,13,39,-26,6,,,St. Mary's Stadium,Southampton
2024/25,36,10,Liverpool,1,38,25,9,4,86,41,45,84,19,14,4,1,42,16,26,46,19,11,5,3,44,25,19,38,Q,EU_CL,Anfield,Liverpool
2024/25,36,1,Arsenal,2,38,20,14,4,69,34,35,74,19,11,6,2,35,17,18,39,19,9,8,2,34,17,17,35,Q,EU_CL,Emirates Stadium,London
2024/25,36,11,Manchester City,3,38,21,8,9,72,44,28,71,19,13,3,3,43,23,20,42,19,8,5,6,29,21,8,29,Q,EU_CL,Etihad Stadium,Manchester
2024/25,36,4,Chelsea,4,38,20,9,9,64,43,21,69,19,12,5,2,35,18,17,41,19,8,4,7,29,25,4,28,Q,EU_CL,Stamford Bridge,London
2024/25,36,23,Newcastle United,5,38,20,6,12,68,47,21,66,19,12,2,5,40,20,20,38,19,8,4,7,28,27,1,28,Q,EU_CL,St. James' Park,Newcastle
2024/25,36,2,Aston Villa,6,38,19,9,10,58,51,7,66,19,11,7,1,34,20,14,40,19,8,2,9,24,31,-7,26,Q,EU_UC,Villa Park,Birmingham
2024/25,36,15,Nottingham Forest,7,38,19,8,11,58,46,12,65,19,9,5,5,26,16,10,32,19,10,3,6,32,30,2,33,,,The City Ground,Nottingham
2024/25,36,131,Brighton & Hove Albion,8,38,16,13,9,66,59,7,61,19,8,8,3,30,26,4,32,19,8,5,6,36,33,3,29,,,American Express Stadium,Falmer
2024/25,36,127,Bournemouth,9,38,15,11,12,58,46,12,56,19,8,4,7,23,16,7,28,19,7,7,5,35,30,5,28,,,Vitality Stadium,Bournemouth
2024/25,36,130,Brentford,10,38,16,8,14,66,57,9,56,19,9,4,6,40,35,5,31,19,7,4,8,26,22,4,25,,,Gtech Community Stadium,Brentford
2024/25,36,34,Fulham,11,38,15,9,14,54,54,0,54,19,7,5,7,27,30,-3,26,19,8,4,7,27,24,3,28,,,Craven Cottage,London
2024/25,36,6,Crystal Palace,12,38,13,14,11,51,51,0,53,19,6,7,6,24,26,-2,25,19,7,7,5,27,25,2,28,,,Selhurst Park,London
2024/25,36,7,Everton,13,38,11,15,12,42,44,-2,48,19,5,9,5,26,23,3,24,19,6,6,7,16,21,-5,24,,,Goodison Park,Liverpool
2024/25,36,25,West Ham United,14,38,11,10,17,46,62,-16,43,19,5,5,9,23,34,-11,20,19,6,5,8,23,28,-5,23,,,London Stadium,London
2024/25,36,12,Manchester United,15,38,11,9,18,44,54,-10,42,19,7,3,9,23,28,-5,24,19,4,6,9,21,26,-5,18,,,Old Trafford,Manchester
2024/25,36,38,Wolverhampton Wanderers,16,38,12,6,20,54,69,-15,42,19,6,3,10,27,32,-5,21,19,6,3,10,27,37,-10,21,,,Molineux Stadium,Wolverhampton
2024/25,36,21,Tottenham Hotspur,17,38,11,5,22,64,65,-1,38,19,6,3,10,35,35,0,21,19,5,2,12,29,30,-1,17,,,Tottenham Hotspur Stadium,London
2024/25,36,26,Leicester City,18,38,6,7,25,33,80,-47,25,19,4,3,12,15,34,-19,15,19,2,4,13,18,46,-28,10,,,King Power Stadium,Leicester
2024/25,36,8,Ipswich Town,19,38,4,10,24,36,82,-46,22,19,1,4,14,14,44,-30,7,19,3,6,10,22,38,-16,15,,,Portman Road,Ipswich
2024/25,36,20,Southampton,20,38,2,6,30,26,86,-60,12,19,1,3,15,13,47,-34,6,19,1,3,15,13,39,-26,6,,,St. Mary's Stadium,Southampton
2024/25,37,10,Liverpool,1,38,25,9,4,86,41,45,84,19,14,4,1,42,16,26,46,19,11,5,3,44,25,19,38,Q,EU_CL,Anfield,Liverpool
2024/25,37,1,Arsenal,2,38,20,14,4,69,34,35,74,19,11,6,2,35,17,18,39,19,9,8,2,34,17,17,35,Q,EU_CL,Emirates Stadium,London
2024/25,37,11,Manchester City,3,38,21,8,9,72,44,28,71,19,13,3,3,43,23,20,42,19,8,5,6,29,21,8,29,Q,EU_CL,Etihad Stadium,Manchester
2024/25,37,4,Chelsea,4,38,20,9,9,64,43,21,69,19,12,5,2,35,18,17,41,19,8,4,7,29,25,4,28,Q,EU_CL,Stamford Bridge,London
2024/25,37,23,Newcastle United,5,38,20,6,12,68,47,21,66,19,12,2,5,40,20,20,38,19,8,4,7,28,27,1,28,Q,EU_CL,St. James' Park,Newcastle
2024/25,37,2,Aston Villa,6,38,19,9,10,58,51,7,66,19,11,7,1,34,20,14,40,19,8,2,9,24,31,-7,26,Q,EU_UC,Villa Park,Birmingham
2024/25,37,15,Nottingham Forest,7,38,19,8,11,58,46,12,65,19,9,5,5,26,16,10,32,19,10,3,6,32,30,2,33,,,The City Ground,Nottingham
2024/25,37,131,Brighton & Hove Albion,8,38,16,13,9,66,59,7,61,19,8,8,3,30,26,4,32,19,8,5,6,36,33,3,29,,,American Express Stadium,Falmer
2024/25,37,127,Bournemouth,9,38,15,11,12,58,46,12,56,19,8,4,7,23,16,7,28,19,7,7,5,35,30,5,28,,,Vitality Stadium,Bournemouth
2024/25,37,130,Brentford,10,38,16,8,14,66,57,9,56,19,9,4,6,40,35,5,31,19,7,4,8,26,22,4,25,,,Gtech Community Stadium,Brentford
2024/25,37,34,Fulham,11,38,15,9,14,54,54,0,54,19,7,5,7,27,30,-3,26,19,8,4,7,27,24,3,28,,,Craven Cottage,London
2024/25,37,6,Crystal Palace,12,38,13,14,11,51,51,0,53,19,6,7,6,24,26,-2,25,19,7,7,5,27,25,2,28,,,Selhurst Park,London
2024/25,37,7,Everton,13,38,11,15,12,42,44,-2,48,19,5,9,5,26,23,3,24,19,6,6,7,16,21,-5,24,,,Goodison Park,Liverpool
2024/25,37,25,West Ham United,14,38,11,10,17,46,62,-16,43,19,5,5,9,23,34,-11,20,19,6,5,8,23,28,-5,23,,,London Stadium,London
2024/25,37,12,Manchester United,15,38,11,9,18,44,54,-10,42,19,7,3,9,23,28,-5,24,19,4,6,9,21,26,-5,18,,,Old Trafford,Manchester
2024/25,37,38,Wolverhampton Wanderers,16,38,12,6,20,54,69,-15,42,19,6,3,10,27,32,-5,21,19,6,3,10,27,37,-10,21,,,Molineux Stadium,Wolverhampton
2024/25,37,21,Tottenham Hotspur,17,38,11,5,22,64,65,-1,38,19,6,3,10,35,35,0,21,19,5,2,12,29,30,-1,17,,,Tottenham Hotspur Stadium,London
2024/25,37,26,Leicester City,18,38,6,7,25,33,80,-47,25,19,4,3,12,15,34,-19,15,19,2,4,13,18,46,-28,10,,,King Power Stadium,Leicester
2024/25,37,8,Ipswich Town,19,38,4,10,24,36,82,-46,22,19,1,4,14,14,44,-30,7,19,3,6,10,22,38,-16,15,,,Portman Road,Ipswich
2024/25,37,20,Southampton,20,38,2,6,30,26,86,-60,12,19,1,3,15,13,47,-34,6,19,1,3,15,13,39,-26,6,,,St. Mary's Stadium,Southampton
2024/25,38,10,Liverpool,1,38,25,9,4,86,41,45,84,19,14,4,1,42,16,26,46,19,11,5,3,44,25,19,38,Q,EU_CL,Anfield,Liverpool
2024/25,38,1,Arsenal,2,38,20,14,4,69,34,35,74,19,11,6,2,35,17,18,39,19,9,8,2,34,17,17,35,Q,EU_CL,Emirates Stadium,London
2024/25,38,11,Manchester City,3,38,21,8,9,72,44,28,71,19,13,3,3,43,23,20,42,19,8,5,6,29,21,8,29,Q,EU_CL,Etihad Stadium,Manchester
2024/25,38,4,Chelsea,4,38,20,9,9,64,43,21,69,19,12,5,2,35,18,17,41,19,8,4,7,29,25,4,28,Q,EU_CL,Stamford Bridge,London
2024/25,38,23,Newcastle United,5,38,20,6,12,68,47,21,66,19,12,2,5,40,20,20,38,19,8,4,7,28,27,1,28,Q,EU_CL,St. James' Park,Newcastle
2024/25,38,2,Aston Villa,6,38,19,9,10,58,51,7,66,19,11,7,1,34,20,14,40,19,8,2,9,24,31,-7,26,Q,EU_UC,Villa Park,Birmingham
2024/25,38,15,Nottingham Forest,7,38,19,8,11,58,46,12,65,19,9,5,5,26,16,10,32,19,10,3,6,32,30,2,33,,,The City Ground,Nottingham
2024/25,38,131,Brighton & Hove Albion,8,38,16,13,9,66,59,7,61,19,8,8,3,30,26,4,32,19,8,5,6,36,33,3,29,,,American Express Stadium,Falmer
2024/25,38,127,Bournemouth,9,38,15,11,12,58,46,12,56,19,8,4,7,23,16,7,28,19,7,7,5,35,30,5,28,,,Vitality Stadium,Bournemouth
2024/25,38,130,Brentford,10,38,16,8,14,66,57,9,56,19,9,4,6,40,35,5,31,19,7,4,8,26,22,4,25,,,Gtech Community Stadium,Brentford
2024/25,38,34,Fulham,11,38,15,9,14,54,54,0,54,19,7,5,7,27,30,-3,26,19,8,4,7,27,24,3,28,,,Craven Cottage,London
2024/25,38,6,Crystal Palace,12,38,13,14,11,51,51,0,53,19,6,7,6,24,26,-2,25,19,7,7,5,27,25,2,28,,,Selhurst Park,London
2024/25,38,7,Everton,13,38,11,15,12,42,44,-2,48,19,5,9,5,26,23,3,24,19,6,6,7,16,21,-5,24,,,Goodison Park,Liverpool
2024/25,38,25,West Ham United,14,38,11,10,17,46,62,-16,43,19,5,5,9,23,34,-11,20,19,6,5,8,23,28,-5,23,,,London Stadium,London
2024/25,38,12,Manchester United,15,38,11,9,18,44,54,-10,42,19,7,3,9,23,28,-5,24,19,4,6,9,21,26,-5,18,,,Old Trafford,Manchester
2024/25,38,38,Wolverhampton Wanderers,16,38,12,6,20,54,69,-15,42,19,6,3,10,27,32,-5,21,19,6,3,10,27,37,-10,21,,,Molineux Stadium,Wolverhampton
2024/25,38,21,Tottenham Hotspur,17,38,11,5,22,64,65,-1,38,19,6,3,10,35,35,0,21,19,5,2,12,29,30,-1,17,,,Tottenham Hotspur Stadium,London
2024/25,38,26,Leicester City,18,38,6,7,25,33,80,-47,25,19,4,3,12,15,34,-19,15,19,2,4,13,18,46,-28,10,,,King Power Stadium,Leicester
2024/25,38,8,Ipswich Town,19,38,4,10,24,36,82,-46,22,19,1,4,14,14,44,-30,7,19,3,6,10,22,38,-16,15,,,Portman Road,Ipswich
2024/25,38,20,Southampton,20,38,2,6,30,26,86,-60,12,19,1,3,15,13,47,-34,6,19,1,3,15,13,39,-26,6,,,St. Mary's Stadium,Southampton
